out_file;xmin;ymin;xmax;ymax;maxiter;xres;yres;run_time;err;mean;mean_time;mean_err;bin_time;bin_err;n_threads
prof.bmp;-0.7489;0.1007;-0.74925;0.10035000000000005;1000;256;256;9.09381E-02;0.0;2.217E+02;6.96182E-05;0.0;5.88894E-05;0.0;8
python.bmp;-0.7489;0.1007;-0.74925;0.10035000000000005;1000;256;256;4.94601E+00;38160.391441912645;2.217E+02;6.98566E-05;0.0;7.60555E-05;0.0;8
c_tasks.bmp;-0.7489;0.1007;-0.74925;0.10035000000000005;1000;256;256;8.98108E-02;38160.391441912645;2.217E+02;6.07967E-05;0.0;5.98431E-05;0.0;8
c_schedule_static.bmp;-0.7489;0.1007;-0.74925;0.10035000000000005;1000;256;256;3.07965E-02;38160.391441912645;2.217E+02;1.40433E-02;0.0;1.38292E-02;0.0;8
c_schedule_dynamic.bmp;-0.7489;0.1007;-0.74925;0.10035000000000005;1000;256;256;3.07298E-02;38160.391441912645;2.217E+02;1.41058E-02;0.0;1.39880E-02;0.0;8
c_media_atomic.bmp;-0.7489;0.1007;-0.74925;0.10035000000000005;1000;256;256;3.42526E-02;38160.391441912645;2.217E+02;2.79398E-02;0.0;1.49741E-02;0.0;8
prof.bmp;-0.7489;0.1007;-0.74925;0.10035000000000005;1000;512;512;2.77899E-01;0.0;2.219E+02;1.24454E-04;0.0;1.45912E-04;0.0;8
python.bmp;-0.7489;0.1007;-0.74925;0.10035000000000005;1000;512;512;1.96503E+01;76406.6559142592;2.219E+02;9.45997E-03;0.0;1.87085E-02;0.0;8
c_tasks.bmp;-0.7489;0.1007;-0.74925;0.10035000000000005;1000;512;512;4.03045E-01;76406.6559142592;2.219E+02;2.30985E-02;0.0;3.19998E-02;0.0;8
c_schedule_static.bmp;-0.7489;0.1007;-0.74925;0.10035000000000005;1000;512;512;9.89854E-02;76406.6559142592;2.219E+02;1.54269E-02;0.0;2.81394E-02;0.0;8
c_schedule_dynamic.bmp;-0.7489;0.1007;-0.74925;0.10035000000000005;1000;512;512;7.45063E-02;76406.6559142592;2.219E+02;4.80843E-03;0.0;7.14731E-03;0.0;8
c_media_atomic.bmp;-0.7489;0.1007;-0.74925;0.10035000000000005;1000;512;512;6.73006E-02;76406.6559142592;2.219E+02;2.49140E-02;0.0;1.25229E-02;0.0;8
prof.bmp;-0.7489;0.1007;-0.74925;0.10035000000000005;1000;1024;1024;1.09954E+00;0.0;2.220E+02;4.52280E-04;0.0;4.80175E-04;0.0;8
python.bmp;-0.7489;0.1007;-0.74925;0.10035000000000005;1000;1024;1024;7.85627E+01;152849.8974288174;2.220E+02;7.41243E-04;0.0;1.11794E-03;0.0;8
c_tasks.bmp;-0.7489;0.1007;-0.74925;0.10035000000000005;1000;1024;1024;1.41454E+00;152849.8974288174;2.220E+02;6.39200E-04;0.0;1.04713E-03;0.0;8
c_schedule_static.bmp;-0.7489;0.1007;-0.74925;0.10035000000000005;1000;1024;1024;2.53326E-01;152849.8974288174;2.220E+02;1.44238E-02;0.0;3.11000E-02;0.0;8
c_schedule_dynamic.bmp;-0.7489;0.1007;-0.74925;0.10035000000000005;1000;1024;1024;1.97249E-01;152849.8974288174;2.220E+02;2.38681E-03;0.0;7.40266E-03;0.0;8
c_media_atomic.bmp;-0.7489;0.1007;-0.74925;0.10035000000000005;1000;1024;1024;1.95584E-01;152849.8974288174;2.220E+02;3.39220E-02;0.0;4.14586E-03;0.0;8
prof.bmp;-0.7489;0.1007;-0.74925;0.10035000000000005;1000;2048;2048;4.06513E+00;0.0;2.220E+02;1.66965E-03;0.0;1.21689E-03;0.0;8
python.bmp;-0.7489;0.1007;-0.74925;0.10035000000000005;1000;2048;2048;3.17294E+02;305806.3442899771;2.220E+02;3.23606E-03;0.0;5.81360E-03;0.0;8
c_tasks.bmp;-0.7489;0.1007;-0.74925;0.10035000000000005;1000;2048;2048;5.72332E+00;305806.3442899771;2.220E+02;2.80833E-03;0.0;4.59981E-03;0.0;8
c_schedule_static.bmp;-0.7489;0.1007;-0.74925;0.10035000000000005;1000;2048;2048;9.48689E-01;305806.3442899771;2.220E+02;9.15194E-03;0.0;2.62308E-03;0.0;8
c_schedule_dynamic.bmp;-0.7489;0.1007;-0.74925;0.10035000000000005;1000;2048;2048;7.48374E-01;305806.3442899771;2.220E+02;1.50824E-03;0.0;2.61736E-03;0.0;8
c_media_atomic.bmp;-0.7489;0.1007;-0.74925;0.10035000000000005;1000;2048;2048;7.45548E-01;305806.3442899771;2.220E+02;1.55044E-03;0.0;2.65956E-03;0.0;8
prof.bmp;-0.7489;0.1007;-0.74925;0.10035000000000005;1000;4096;4096;1.62783E+01;0.0;2.220E+02;9.41348E-03;0.0;8.90446E-03;0.0;8
c_tasks.bmp;-0.7489;0.1007;-0.74925;0.10035000000000005;1000;4096;4096;2.34105E+01;611399.0007899915;2.220E+02;9.53436E-03;0.0;1.79093E-02;0.0;8
c_schedule_static.bmp;-0.7489;0.1007;-0.74925;0.10035000000000005;1000;4096;4096;3.83238E+00;611399.0007899915;2.220E+02;9.55772E-03;0.0;1.85556E-02;0.0;8
c_schedule_dynamic.bmp;-0.7489;0.1007;-0.74925;0.10035000000000005;1000;4096;4096;2.97846E+00;611399.0007899915;2.220E+02;5.78380E-03;0.0;1.36797E-02;0.0;8
c_media_atomic.bmp;-0.7489;0.1007;-0.74925;0.10035000000000005;1000;4096;4096;2.98165E+00;611399.0007899915;2.220E+02;9.55749E-03;0.0;1.77629E-02;0.0;8
prof.bmp;-0.7489;0.1007;-0.74925;0.10035000000000005;1000;8192;8192;6.65314E+01;0.0;2.219E+02;4.36158E-02;0.0;4.01781E-02;0.0;8
c_tasks.bmp;-0.7489;0.1007;-0.74925;0.10035000000000005;1000;8192;8192;9.67099E+01;1222560.21967836;2.219E+02;5.06041E-02;0.0;7.54962E-02;0.0;8
c_schedule_static.bmp;-0.7489;0.1007;-0.74925;0.10035000000000005;1000;8192;8192;1.55162E+01;1222560.21967836;2.219E+02;4.95820E-02;0.0;7.44264E-02;0.0;8
c_schedule_dynamic.bmp;-0.7489;0.1007;-0.74925;0.10035000000000005;1000;8192;8192;1.19251E+01;1222560.21967836;2.219E+02;4.43182E-02;0.0;7.29473E-02;0.0;8
c_media_atomic.bmp;-0.7489;0.1007;-0.74925;0.10035000000000005;1000;8192;8192;1.19662E+01;1222560.21967836;2.219E+02;4.62854E-02;0.0;7.35681E-02;0.0;8
[91mUSO: main.py <xmin> <xmax> <ymin> <yres> <maxiter> <outputfile>
Ejemplo: -0.7489 -0.74925 0.1 1024 1000 out.bmp[0m
