out_file;xmin;ymin;xmax;ymax;maxiter;xres;yres;run_time;err;mean;mean_time;mean_err;bin_time;bin_err;n_threads
prof.bmp;-0.7489;0.1007;-0.74925;0.10035000000000005;1000;256;256;9.67350E-02;0.0;2.217E+02;7.08103E-05;0.0;5.45979E-05;0.0;8
c_tasks.bmp;-0.7489;0.1007;-0.74925;0.10035000000000005;1000;256;256;8.36575E-02;38160.391441912645;2.217E+02;5.79357E-05;0.0;4.69685E-05;0.0;8
c_schedule_static.bmp;-0.7489;0.1007;-0.74925;0.10035000000000005;1000;256;256;1.46463E-02;38160.391441912645;2.217E+02;5.40733E-03;0.0;7.95579E-03;0.0;8
c_schedule_dynamic.bmp;-0.7489;0.1007;-0.74925;0.10035000000000005;1000;256;256;1.79212E-02;38160.391441912645;2.217E+02;9.32479E-03;0.0;9.32360E-03;0.0;8
c_media_atomic.bmp;-0.7489;0.1007;-0.74925;0.10035000000000005;1000;256;256;3.05800E-02;38160.391441912645;2.217E+02;2.24109E-02;0.0;9.18388E-03;0.0;8
c_collapse.bmp;-0.7489;0.1007;-0.74925;0.10035000000000005;1000;256;256;1.77071E-02;38160.391441912645;2.217E+02;2.83701E-02;0.0;9.70960E-03;0.0;8
prof.bmp;-0.7489;0.1007;-0.74925;0.10035000000000005;1000;512;512;2.77445E-01;0.0;2.219E+02;1.23501E-04;0.0;1.42336E-04;0.0;8
c_tasks.bmp;-0.7489;0.1007;-0.74925;0.10035000000000005;1000;512;512;2.67611E-01;76406.6559142592;2.219E+02;9.76014E-03;0.0;2.04926E-02;0.0;8
c_schedule_static.bmp;-0.7489;0.1007;-0.74925;0.10035000000000005;1000;512;512;9.86989E-02;76406.6559142592;2.219E+02;2.19588E-02;0.0;2.01175E-02;0.0;8
c_schedule_dynamic.bmp;-0.7489;0.1007;-0.74925;0.10035000000000005;1000;512;512;8.17351E-02;76406.6559142592;2.219E+02;9.50027E-03;0.0;8.97670E-03;0.0;8
c_media_atomic.bmp;-0.7489;0.1007;-0.74925;0.10035000000000005;1000;512;512;8.21834E-02;76406.6559142592;2.219E+02;2.77219E-02;0.0;2.03130E-02;0.0;8
c_collapse.bmp;-0.7489;0.1007;-0.74925;0.10035000000000005;1000;512;512;7.88052E-02;76406.6559142592;2.219E+02;2.73216E-02;0.0;4.60744E-03;0.0;8
prof.bmp;-0.7489;0.1007;-0.74925;0.10035000000000005;1000;1024;1024;1.07206E+00;0.0;2.220E+02;4.52757E-04;0.0;5.20945E-04;0.0;8
c_tasks.bmp;-0.7489;0.1007;-0.74925;0.10035000000000005;1000;1024;1024;1.06704E+00;152849.8974288174;2.220E+02;7.01356E-03;0.0;1.28067E-02;0.0;8
c_schedule_static.bmp;-0.7489;0.1007;-0.74925;0.10035000000000005;1000;1024;1024;2.50293E-01;152849.8974288174;2.220E+02;1.49639E-02;0.0;2.40109E-02;0.0;8
c_schedule_dynamic.bmp;-0.7489;0.1007;-0.74925;0.10035000000000005;1000;1024;1024;1.99089E-01;152849.8974288174;2.220E+02;1.96831E-02;0.0;1.66743E-02;0.0;8
c_media_atomic.bmp;-0.7489;0.1007;-0.74925;0.10035000000000005;1000;1024;1024;2.12403E-01;152849.8974288174;2.220E+02;1.46194E-02;0.0;1.57025E-02;0.0;8
c_collapse.bmp;-0.7489;0.1007;-0.74925;0.10035000000000005;1000;1024;1024;2.07926E-01;152849.8974288174;2.220E+02;3.75950E-02;0.0;3.37911E-03;0.0;8
prof.bmp;-0.7489;0.1007;-0.74925;0.10035000000000005;1000;2048;2048;4.07378E+00;0.0;2.220E+02;1.68800E-03;0.0;1.22976E-03;0.0;8
c_tasks.bmp;-0.7489;0.1007;-0.74925;0.10035000000000005;1000;2048;2048;4.26928E+00;305806.3442899771;2.220E+02;1.53065E-03;0.0;2.58231E-03;0.0;8
c_schedule_static.bmp;-0.7489;0.1007;-0.74925;0.10035000000000005;1000;2048;2048;9.47981E-01;305806.3442899771;2.220E+02;1.52922E-03;0.0;2.61116E-03;0.0;8
c_schedule_dynamic.bmp;-0.7489;0.1007;-0.74925;0.10035000000000005;1000;2048;2048;7.33186E-01;305806.3442899771;2.220E+02;1.62458E-03;0.0;2.72632E-03;0.0;8
c_media_atomic.bmp;-0.7489;0.1007;-0.74925;0.10035000000000005;1000;2048;2048;7.45898E-01;305806.3442899771;2.220E+02;1.66726E-03;0.0;2.66647E-03;0.0;8
c_collapse.bmp;-0.7489;0.1007;-0.74925;0.10035000000000005;1000;2048;2048;7.82868E-01;305806.3442899771;2.220E+02;1.58143E-03;0.0;2.73442E-03;0.0;8
prof.bmp;-0.7489;0.1007;-0.74925;0.10035000000000005;1000;4096;4096;1.62956E+01;0.0;2.220E+02;1.00930E-02;0.0;8.72159E-03;0.0;8
c_tasks.bmp;-0.7489;0.1007;-0.74925;0.10035000000000005;1000;4096;4096;1.63772E+01;611399.0007899915;2.220E+02;9.55486E-03;0.0;1.66988E-02;0.0;8
c_schedule_static.bmp;-0.7489;0.1007;-0.74925;0.10035000000000005;1000;4096;4096;3.86867E+00;611399.0007899915;2.220E+02;9.53150E-03;0.0;1.66919E-02;0.0;8
c_schedule_dynamic.bmp;-0.7489;0.1007;-0.74925;0.10035000000000005;1000;4096;4096;2.98286E+00;611399.0007899915;2.220E+02;9.55510E-03;0.0;1.77820E-02;0.0;8
c_media_atomic.bmp;-0.7489;0.1007;-0.74925;0.10035000000000005;1000;4096;4096;2.97333E+00;611399.0007899915;2.220E+02;9.55319E-03;0.0;1.76165E-02;0.0;8
c_collapse.bmp;-0.7489;0.1007;-0.74925;0.10035000000000005;1000;4096;4096;3.17004E+00;611399.0007899915;2.220E+02;9.58419E-03;0.0;1.77844E-02;0.0;8
prof.bmp;-0.7489;0.1007;-0.74925;0.10035000000000005;1000;8192;8192;6.53899E+01;0.0;2.219E+02;4.85077E-02;0.0;3.99435E-02;0.0;8
c_tasks.bmp;-0.7489;0.1007;-0.74925;0.10035000000000005;1000;8192;8192;6.74006E+01;1222560.21967836;2.219E+02;4.68419E-02;0.0;7.48496E-02;0.0;8
c_schedule_static.bmp;-0.7489;0.1007;-0.74925;0.10035000000000005;1000;8192;8192;1.55425E+01;1222560.21967836;2.219E+02;5.06518E-02;0.0;6.91755E-02;0.0;8
c_schedule_dynamic.bmp;-0.7489;0.1007;-0.74925;0.10035000000000005;1000;8192;8192;1.19268E+01;1222560.21967836;2.219E+02;4.44057E-02;0.0;7.23686E-02;0.0;8
c_media_atomic.bmp;-0.7489;0.1007;-0.74925;0.10035000000000005;1000;8192;8192;1.19256E+01;1222560.21967836;2.219E+02;5.36816E-02;0.0;7.39877E-02;0.0;8
c_collapse.bmp;-0.7489;0.1007;-0.74925;0.10035000000000005;1000;8192;8192;1.27630E+01;1222560.21967836;2.219E+02;4.44016E-02;0.0;7.45921E-02;0.0;8
out_file;xmin;ymin;xmax;ymax;maxiter;xres;yres;run_time;err;mean;mean_time;mean_err;bin_time;bin_err;n_threads
prof.bmp;-0.7489;0.1007;-0.74925;0.10035000000000005;1000;256;256;1.54260E-01;0.0;2.217E+02;2.21729E-04;0.0;2.15769E-04;0.0;1
python.bmp;-0.7489;0.1007;-0.74925;0.10035000000000005;1000;256;256;5.06517E+00;38160.391441912645;2.217E+02;2.23637E-04;0.0;2.47240E-04;0.0;1
c_tasks.bmp;-0.7489;0.1007;-0.74925;0.10035000000000005;1000;256;256;8.80308E-02;38160.391441912645;2.217E+02;1.79291E-04;0.0;2.60115E-04;0.0;1
prof.bmp;-0.7489;0.1007;-0.74925;0.10035000000000005;1000;512;512;3.59609E-01;0.0;2.219E+02;6.74248E-04;0.0;6.05583E-04;0.0;1
python.bmp;-0.7489;0.1007;-0.74925;0.10035000000000005;1000;512;512;2.04119E+01;76406.6559142592;2.219E+02;1.42455E-03;0.0;2.59471E-03;0.0;1
c_tasks.bmp;-0.7489;0.1007;-0.74925;0.10035000000000005;1000;512;512;4.34209E-01;76406.6559142592;2.219E+02;6.85692E-04;0.0;1.20211E-03;0.0;1
prof.bmp;-0.7489;0.1007;-0.74925;0.10035000000000005;1000;1024;1024;1.41025E+00;0.0;2.220E+02;2.68388E-03;0.0;2.19917E-03;0.0;1
python.bmp;-0.7489;0.1007;-0.74925;0.10035000000000005;1000;1024;1024;8.22532E+01;152849.8974288174;2.220E+02;2.71630E-03;0.0;5.06139E-03;0.0;1
c_tasks.bmp;-0.7489;0.1007;-0.74925;0.10035000000000005;1000;1024;1024;1.42196E+00;152849.8974288174;2.220E+02;2.76780E-03;0.0;5.10287E-03;0.0;1
prof.bmp;-0.7489;0.1007;-0.74925;0.10035000000000005;1000;2048;2048;5.63429E+00;0.0;2.220E+02;1.06776E-02;0.0;8.20684E-03;0.0;1
python.bmp;-0.7489;0.1007;-0.74925;0.10035000000000005;1000;2048;2048;3.31024E+02;305806.3442899771;2.220E+02;1.07551E-02;0.0;1.97678E-02;0.0;1
c_tasks.bmp;-0.7489;0.1007;-0.74925;0.10035000000000005;1000;2048;2048;5.76143E+00;305806.3442899771;2.220E+02;1.07777E-02;0.0;1.97301E-02;0.0;1
prof.bmp;-0.7489;0.1007;-0.74925;0.10035000000000005;1000;4096;4096;2.25447E+01;0.0;2.220E+02;8.66125E-02;0.0;5.86743E-02;0.0;1
c_tasks.bmp;-0.7489;0.1007;-0.74925;0.10035000000000005;1000;4096;4096;2.33076E+01;611399.0007899915;2.220E+02;4.30713E-02;0.0;7.77304E-02;0.0;1
prof.bmp;-0.7489;0.1007;-0.74925;0.10035000000000005;1000;8192;8192;9.02534E+01;0.0;2.219E+02;1.77177E-01;0.0;2.15721E-01;0.0;1
c_tasks.bmp;-0.7489;0.1007;-0.74925;0.10035000000000005;1000;8192;8192;9.57952E+01;1222560.21967836;2.219E+02;1.78540E-01;0.0;3.02176E-01;0.0;1
