out_file;xmin;ymin;xmax;ymax;maxiter;xres;yres;run_time;err;mean;mean_time;mean_err;bin_time;bin_err;n_threads
prof.bmp;-0.7489;0.1007;-0.74925;0.10035000000000005;1000;256;256;1.01068E-01;0.0;2.217E+02;7.58171E-05;0.0;5.74589E-05;0.0;8
c_tasks.bmp;-0.7489;0.1007;-0.74925;0.10035000000000005;1000;256;256;8.81987E-02;38160.391441912645;2.217E+02;6.07967E-05;0.0;6.19888E-05;0.0;8
c_schedule_static.bmp;-0.7489;0.1007;-0.74925;0.10035000000000005;1000;256;256;1.48282E-02;38160.391441912645;2.217E+02;4.52685E-03;0.0;6.66499E-03;0.0;8
c_schedule_dynamic.bmp;-0.7489;0.1007;-0.74925;0.10035000000000005;1000;256;256;2.24235E-02;38160.391441912645;2.217E+02;5.36442E-05;0.0;4.45843E-05;0.0;8
c_media_atomic.bmp;-0.7489;0.1007;-0.74925;0.10035000000000005;1000;256;256;1.20614E-02;38160.391441912645;2.217E+02;5.00679E-05;0.0;4.10080E-05;0.0;8
c_collapse.bmp;-0.7489;0.1007;-0.74925;0.10035000000000005;1000;256;256;1.23141E-02;38160.391441912645;2.217E+02;1.75412E-02;0.0;9.37676E-03;0.0;8
prof.bmp;-0.7489;0.1007;-0.74925;0.10035000000000005;1000;512;512;2.99208E-01;0.0;2.219E+02;1.24693E-04;0.0;1.41144E-04;0.0;8
c_tasks.bmp;-0.7489;0.1007;-0.74925;0.10035000000000005;1000;512;512;2.57891E-01;76406.6559142592;2.219E+02;1.56353E-02;0.0;2.10464E-02;0.0;8
c_schedule_static.bmp;-0.7489;0.1007;-0.74925;0.10035000000000005;1000;512;512;1.12899E-01;76406.6559142592;2.219E+02;1.90303E-02;0.0;1.65064E-02;0.0;8
c_schedule_dynamic.bmp;-0.7489;0.1007;-0.74925;0.10035000000000005;1000;512;512;8.05705E-02;76406.6559142592;2.219E+02;1.03271E-02;0.0;9.59063E-03;0.0;8
c_media_atomic.bmp;-0.7489;0.1007;-0.74925;0.10035000000000005;1000;512;512;8.31499E-02;76406.6559142592;2.219E+02;2.38228E-02;0.0;2.37186E-02;0.0;8
c_collapse.bmp;-0.7489;0.1007;-0.74925;0.10035000000000005;1000;512;512;6.94847E-02;76406.6559142592;2.219E+02;2.46582E-02;0.0;1.55926E-04;0.0;8
prof.bmp;-0.7489;0.1007;-0.74925;0.10035000000000005;1000;1024;1024;1.10771E+00;0.0;2.220E+02;4.40359E-04;0.0;5.17845E-04;0.0;8
c_tasks.bmp;-0.7489;0.1007;-0.74925;0.10035000000000005;1000;1024;1024;1.07375E+00;152849.8974288174;2.220E+02;1.96443E-02;0.0;1.56512E-02;0.0;8
c_schedule_static.bmp;-0.7489;0.1007;-0.74925;0.10035000000000005;1000;1024;1024;2.62367E-01;152849.8974288174;2.220E+02;4.39739E-03;0.0;1.04499E-02;0.0;8
c_schedule_dynamic.bmp;-0.7489;0.1007;-0.74925;0.10035000000000005;1000;1024;1024;1.96723E-01;152849.8974288174;2.220E+02;1.02379E-02;0.0;1.57707E-02;0.0;8
c_media_atomic.bmp;-0.7489;0.1007;-0.74925;0.10035000000000005;1000;1024;1024;2.01359E-01;152849.8974288174;2.220E+02;2.87414E-02;0.0;1.68309E-02;0.0;8
c_collapse.bmp;-0.7489;0.1007;-0.74925;0.10035000000000005;1000;1024;1024;2.21500E-01;152849.8974288174;2.220E+02;4.11935E-02;0.0;7.86972E-03;0.0;8
prof.bmp;-0.7489;0.1007;-0.74925;0.10035000000000005;1000;2048;2048;4.32717E+00;0.0;2.220E+02;1.66774E-03;0.0;1.22428E-03;0.0;8
c_tasks.bmp;-0.7489;0.1007;-0.74925;0.10035000000000005;1000;2048;2048;4.36094E+00;305806.3442899771;2.220E+02;1.50323E-03;0.0;2.60997E-03;0.0;8
c_schedule_static.bmp;-0.7489;0.1007;-0.74925;0.10035000000000005;1000;2048;2048;9.61877E-01;305806.3442899771;2.220E+02;1.59240E-03;0.0;2.73371E-03;0.0;8
c_schedule_dynamic.bmp;-0.7489;0.1007;-0.74925;0.10035000000000005;1000;2048;2048;7.40929E-01;305806.3442899771;2.220E+02;1.67751E-03;0.0;2.71916E-03;0.0;8
c_media_atomic.bmp;-0.7489;0.1007;-0.74925;0.10035000000000005;1000;2048;2048;7.37547E-01;305806.3442899771;2.220E+02;1.65439E-03;0.0;2.59066E-03;0.0;8
c_collapse.bmp;-0.7489;0.1007;-0.74925;0.10035000000000005;1000;2048;2048;7.86640E-01;305806.3442899771;2.220E+02;1.54567E-03;0.0;2.75469E-03;0.0;8
prof.bmp;-0.7489;0.1007;-0.74925;0.10035000000000005;1000;4096;4096;1.62883E+01;0.0;2.220E+02;9.38654E-03;0.0;8.85248E-03;0.0;8
c_tasks.bmp;-0.7489;0.1007;-0.74925;0.10035000000000005;1000;4096;4096;1.66832E+01;611399.0007899915;2.220E+02;9.53555E-03;0.0;1.80113E-02;0.0;8
c_schedule_static.bmp;-0.7489;0.1007;-0.74925;0.10035000000000005;1000;4096;4096;3.84164E+00;611399.0007899915;2.220E+02;1.41809E-02;0.0;1.80213E-02;0.0;8
c_schedule_dynamic.bmp;-0.7489;0.1007;-0.74925;0.10035000000000005;1000;4096;4096;2.95418E+00;611399.0007899915;2.220E+02;5.58972E-03;0.0;1.04134E-02;0.0;8
c_media_atomic.bmp;-0.7489;0.1007;-0.74925;0.10035000000000005;1000;4096;4096;2.95262E+00;611399.0007899915;2.220E+02;5.68724E-03;0.0;1.22197E-02;0.0;8
c_collapse.bmp;-0.7489;0.1007;-0.74925;0.10035000000000005;1000;4096;4096;3.17735E+00;611399.0007899915;2.220E+02;5.67055E-03;0.0;1.76773E-02;0.0;8
prof.bmp;-0.7489;0.1007;-0.74925;0.10035000000000005;1000;8192;8192;6.45016E+01;0.0;2.219E+02;4.32844E-02;0.0;4.88622E-02;0.0;8
c_tasks.bmp;-0.7489;0.1007;-0.74925;0.10035000000000005;1000;8192;8192;6.69654E+01;1222560.21967836;2.219E+02;4.09911E-02;0.0;6.83997E-02;0.0;8
c_schedule_static.bmp;-0.7489;0.1007;-0.74925;0.10035000000000005;1000;8192;8192;1.54100E+01;1222560.21967836;2.219E+02;4.48165E-02;0.0;7.36151E-02;0.0;8
c_schedule_dynamic.bmp;-0.7489;0.1007;-0.74925;0.10035000000000005;1000;8192;8192;1.18760E+01;1222560.21967836;2.219E+02;4.42927E-02;0.0;7.13284E-02;0.0;8
c_media_atomic.bmp;-0.7489;0.1007;-0.74925;0.10035000000000005;1000;8192;8192;1.18738E+01;1222560.21967836;2.219E+02;4.22745E-02;0.0;6.57804E-02;0.0;8
c_collapse.bmp;-0.7489;0.1007;-0.74925;0.10035000000000005;1000;8192;8192;1.27581E+01;1222560.21967836;2.219E+02;3.97444E-02;0.0;6.98514E-02;0.0;8
out_file;xmin;ymin;xmax;ymax;maxiter;xres;yres;run_time;err;mean;mean_time;mean_err;bin_time;bin_err;n_threads
prof.bmp;-0.7489;0.1007;-0.74925;0.10035000000000005;1000;256;256;1.51191E-01;0.0;2.217E+02;2.79903E-04;0.0;2.74420E-04;0.0;1
python.bmp;-0.7489;0.1007;-0.74925;0.10035000000000005;1000;256;256;4.96018E+00;38160.391441912645;2.217E+02;1.88351E-04;0.0;2.75373E-04;0.0;1
c_tasks.bmp;-0.7489;0.1007;-0.74925;0.10035000000000005;1000;256;256;8.80401E-02;38160.391441912645;2.217E+02;2.16961E-04;0.0;3.04699E-04;0.0;1
prof.bmp;-0.7489;0.1007;-0.74925;0.10035000000000005;1000;512;512;3.51922E-01;0.0;2.219E+02;6.79493E-04;0.0;6.05583E-04;0.0;1
python.bmp;-0.7489;0.1007;-0.74925;0.10035000000000005;1000;512;512;1.97513E+01;76406.6559142592;2.219E+02;6.93321E-04;0.0;1.27387E-03;0.0;1
c_tasks.bmp;-0.7489;0.1007;-0.74925;0.10035000000000005;1000;512;512;3.52100E-01;76406.6559142592;2.219E+02;7.18594E-04;0.0;1.15681E-03;0.0;1
prof.bmp;-0.7489;0.1007;-0.74925;0.10035000000000005;1000;1024;1024;1.40724E+00;0.0;2.220E+02;2.67577E-03;0.0;2.17223E-03;0.0;1
python.bmp;-0.7489;0.1007;-0.74925;0.10035000000000005;1000;1024;1024;7.90213E+01;152849.8974288174;2.220E+02;2.71487E-03;0.0;5.05376E-03;0.0;1
c_tasks.bmp;-0.7489;0.1007;-0.74925;0.10035000000000005;1000;1024;1024;1.40900E+00;152849.8974288174;2.220E+02;2.76732E-03;0.0;5.08761E-03;0.0;1
prof.bmp;-0.7489;0.1007;-0.74925;0.10035000000000005;1000;2048;2048;5.62834E+00;0.0;2.220E+02;1.06537E-02;0.0;8.18300E-03;0.0;1
python.bmp;-0.7489;0.1007;-0.74925;0.10035000000000005;1000;2048;2048;3.15961E+02;305806.3442899771;2.220E+02;1.51703E-02;0.0;2.22063E-02;0.0;1
c_tasks.bmp;-0.7489;0.1007;-0.74925;0.10035000000000005;1000;2048;2048;5.97351E+00;305806.3442899771;2.220E+02;1.08147E-02;0.0;2.70729E-02;0.0;1
prof.bmp;-0.7489;0.1007;-0.74925;0.10035000000000005;1000;4096;4096;2.26835E+01;0.0;2.220E+02;4.91590E-02;0.0;3.57409E-02;0.0;1
c_tasks.bmp;-0.7489;0.1007;-0.74925;0.10035000000000005;1000;4096;4096;2.39508E+01;611399.0007899915;2.220E+02;5.92349E-02;0.0;8.23522E-02;0.0;1
prof.bmp;-0.7489;0.1007;-0.74925;0.10035000000000005;1000;8192;8192;9.01206E+01;0.0;2.219E+02;2.25076E-01;0.0;2.04510E-01;0.0;1
c_tasks.bmp;-0.7489;0.1007;-0.74925;0.10035000000000005;1000;8192;8192;9.56308E+01;1222560.21967836;2.219E+02;2.38635E-01;0.0;3.01165E-01;0.0;1
