out_file;xmin;ymin;xmax;ymax;maxiter;xres;yres;run_time;err;mean;mean_time;mean_err;bin_time;bin_err;n_threads
prof.bmp;-0.7489;0.1007;-0.74925;0.10035000000000005;1000;256;256;1.57019E-01;0.0;2.217E+02;1.04904E-04;0.0;5.22137E-05;0.0;8
python.bmp;-0.7489;0.1007;-0.74925;0.10035000000000005;1000;256;256;4.97570E+00;38160.391441912645;2.217E+02;9.25565E-03;0.0;9.14121E-03;0.0;8
c_tasks.bmp;-0.7489;0.1007;-0.74925;0.10035000000000005;1000;256;256;1.29155E-01;38160.391441912645;2.217E+02;9.31692E-03;0.0;1.14286E-02;0.0;8
c_schedule_static.bmp;-0.7489;0.1007;-0.74925;0.10035000000000005;1000;256;256;2.89781E-02;38160.391441912645;2.217E+02;9.41873E-03;0.0;1.85945E-02;0.0;8
c_schedule_dynamic.bmp;-0.7489;0.1007;-0.74925;0.10035000000000005;1000;256;256;3.23370E-02;38160.391441912645;2.217E+02;1.59290E-02;0.0;3.94049E-02;0.0;8
c_media_atomic.bmp;-0.7489;0.1007;-0.74925;0.10035000000000005;1000;256;256;3.23958E-02;38160.391441912645;2.217E+02;2.69284E-02;0.0;1.39971E-02;0.0;8
c_collapse.bmp;-0.7489;0.1007;-0.74925;0.10035000000000005;1000;256;256;2.76225E-02;38160.391441912645;2.217E+02;2.56083E-02;0.0;1.03993E-02;0.0;8
prof.bmp;-0.7489;0.1007;-0.74925;0.10035000000000005;1000;512;512;2.91884E-01;0.0;2.219E+02;1.26362E-04;0.0;1.53065E-04;0.0;8
python.bmp;-0.7489;0.1007;-0.74925;0.10035000000000005;1000;512;512;1.97305E+01;76406.6559142592;2.219E+02;9.30524E-03;0.0;6.09255E-03;0.0;8
c_tasks.bmp;-0.7489;0.1007;-0.74925;0.10035000000000005;1000;512;512;3.07862E-01;76406.6559142592;2.219E+02;4.82821E-03;0.0;1.03223E-02;0.0;8
c_schedule_static.bmp;-0.7489;0.1007;-0.74925;0.10035000000000005;1000;512;512;9.52985E-02;76406.6559142592;2.219E+02;1.30572E-02;0.0;2.35426E-02;0.0;8
c_schedule_dynamic.bmp;-0.7489;0.1007;-0.74925;0.10035000000000005;1000;512;512;7.78358E-02;76406.6559142592;2.219E+02;1.41833E-02;0.0;1.60103E-02;0.0;8
c_media_atomic.bmp;-0.7489;0.1007;-0.74925;0.10035000000000005;1000;512;512;7.46236E-02;76406.6559142592;2.219E+02;3.03996E-02;0.0;1.63243E-02;0.0;8
c_collapse.bmp;-0.7489;0.1007;-0.74925;0.10035000000000005;1000;512;512;7.27625E-02;76406.6559142592;2.219E+02;4.18830E-02;0.0;1.38669E-02;0.0;8
prof.bmp;-0.7489;0.1007;-0.74925;0.10035000000000005;1000;1024;1024;1.10088E+00;0.0;2.220E+02;4.51326E-04;0.0;5.43594E-04;0.0;8
python.bmp;-0.7489;0.1007;-0.74925;0.10035000000000005;1000;1024;1024;7.86938E+01;152849.8974288174;2.220E+02;7.34091E-04;0.0;9.45091E-04;0.0;8
c_tasks.bmp;-0.7489;0.1007;-0.74925;0.10035000000000005;1000;1024;1024;1.08462E+00;152849.8974288174;2.220E+02;1.04012E-02;0.0;1.33770E-02;0.0;8
c_schedule_static.bmp;-0.7489;0.1007;-0.74925;0.10035000000000005;1000;1024;1024;2.45118E-01;152849.8974288174;2.220E+02;1.04518E-02;0.0;2.00322E-02;0.0;8
c_schedule_dynamic.bmp;-0.7489;0.1007;-0.74925;0.10035000000000005;1000;1024;1024;1.97978E-01;152849.8974288174;2.220E+02;1.53196E-02;0.0;2.82807E-02;0.0;8
c_media_atomic.bmp;-0.7489;0.1007;-0.74925;0.10035000000000005;1000;1024;1024;1.83623E-01;152849.8974288174;2.220E+02;3.37174E-02;0.0;1.56412E-02;0.0;8
c_collapse.bmp;-0.7489;0.1007;-0.74925;0.10035000000000005;1000;1024;1024;2.05841E-01;152849.8974288174;2.220E+02;3.82850E-02;0.0;4.69303E-03;0.0;8
prof.bmp;-0.7489;0.1007;-0.74925;0.10035000000000005;1000;2048;2048;4.10314E+00;0.0;2.220E+02;1.59264E-03;0.0;1.20664E-03;0.0;8
python.bmp;-0.7489;0.1007;-0.74925;0.10035000000000005;1000;2048;2048;3.15380E+02;305806.3442899771;2.220E+02;3.21102E-03;0.0;3.82900E-03;0.0;8
c_tasks.bmp;-0.7489;0.1007;-0.74925;0.10035000000000005;1000;2048;2048;4.25262E+00;305806.3442899771;2.220E+02;4.43721E-03;0.0;1.80793E-03;0.0;8
c_schedule_static.bmp;-0.7489;0.1007;-0.74925;0.10035000000000005;1000;2048;2048;9.01437E-01;305806.3442899771;2.220E+02;1.50967E-03;0.0;1.83797E-03;0.0;8
c_schedule_dynamic.bmp;-0.7489;0.1007;-0.74925;0.10035000000000005;1000;2048;2048;7.09730E-01;305806.3442899771;2.220E+02;1.60933E-03;0.0;1.81675E-03;0.0;8
c_media_atomic.bmp;-0.7489;0.1007;-0.74925;0.10035000000000005;1000;2048;2048;7.11256E-01;305806.3442899771;2.220E+02;1.27487E-02;0.0;2.92301E-03;0.0;8
c_collapse.bmp;-0.7489;0.1007;-0.74925;0.10035000000000005;1000;2048;2048;7.50332E-01;305806.3442899771;2.220E+02;1.46127E-03;0.0;1.78075E-03;0.0;8
prof.bmp;-0.7489;0.1007;-0.74925;0.10035000000000005;1000;4096;4096;1.60351E+01;0.0;2.220E+02;1.07703E-02;0.0;9.75323E-03;0.0;8
c_tasks.bmp;-0.7489;0.1007;-0.74925;0.10035000000000005;1000;4096;4096;1.64150E+01;611399.0007899915;2.220E+02;9.51529E-03;0.0;1.01233E-02;0.0;8
c_schedule_static.bmp;-0.7489;0.1007;-0.74925;0.10035000000000005;1000;4096;4096;3.63080E+00;611399.0007899915;2.220E+02;9.57370E-03;0.0;1.03791E-02;0.0;8
c_schedule_dynamic.bmp;-0.7489;0.1007;-0.74925;0.10035000000000005;1000;4096;4096;2.84835E+00;611399.0007899915;2.220E+02;5.68676E-03;0.0;8.67629E-03;0.0;8
c_media_atomic.bmp;-0.7489;0.1007;-0.74925;0.10035000000000005;1000;4096;4096;2.85247E+00;611399.0007899915;2.220E+02;9.53460E-03;0.0;1.09837E-02;0.0;8
c_collapse.bmp;-0.7489;0.1007;-0.74925;0.10035000000000005;1000;4096;4096;3.00886E+00;611399.0007899915;2.220E+02;9.55606E-03;0.0;1.10679E-02;0.0;8
prof.bmp;-0.7489;0.1007;-0.74925;0.10035000000000005;1000;8192;8192;6.54331E+01;0.0;2.219E+02;4.34361E-02;0.0;4.26979E-02;0.0;8
c_tasks.bmp;-0.7489;0.1007;-0.74925;0.10035000000000005;1000;8192;8192;6.61671E+01;1222560.21967836;2.219E+02;4.71487E-02;0.0;4.62539E-02;0.0;8
c_schedule_static.bmp;-0.7489;0.1007;-0.74925;0.10035000000000005;1000;8192;8192;1.47743E+01;1222560.21967836;2.219E+02;4.83978E-02;0.0;4.62177E-02;0.0;8
c_schedule_dynamic.bmp;-0.7489;0.1007;-0.74925;0.10035000000000005;1000;8192;8192;1.14036E+01;1222560.21967836;2.219E+02;4.42710E-02;0.0;4.32706E-02;0.0;8
c_media_atomic.bmp;-0.7489;0.1007;-0.74925;0.10035000000000005;1000;8192;8192;1.13901E+01;1222560.21967836;2.219E+02;4.43962E-02;0.0;4.22597E-02;0.0;8
c_collapse.bmp;-0.7489;0.1007;-0.74925;0.10035000000000005;1000;8192;8192;1.22821E+01;1222560.21967836;2.219E+02;4.82900E-02;0.0;4.41501E-02;0.0;8
out_file;xmin;ymin;xmax;ymax;maxiter;xres;yres;run_time;err;mean;mean_time;mean_err;bin_time;bin_err;n_threads
prof.bmp;-0.7489;0.1007;-0.74925;0.10035000000000005;1000;256;256;1.66343E-01;0.0;2.217E+02;1.81913E-04;0.0;1.74046E-04;0.0;1
python.bmp;-0.7489;0.1007;-0.74925;0.10035000000000005;1000;256;256;5.04960E+00;38160.391441912645;2.217E+02;1.87159E-04;0.0;2.47955E-04;0.0;1
c_tasks.bmp;-0.7489;0.1007;-0.74925;0.10035000000000005;1000;256;256;8.51142E-02;38160.391441912645;2.217E+02;2.05278E-04;0.0;2.49147E-04;0.0;1
c_schedule_static.bmp;-0.7489;0.1007;-0.74925;0.10035000000000005;1000;256;256;8.39715E-02;38160.391441912645;2.217E+02;1.78576E-04;0.0;2.48671E-04;0.0;1
c_schedule_dynamic.bmp;-0.7489;0.1007;-0.74925;0.10035000000000005;1000;256;256;8.39257E-02;38160.391441912645;2.217E+02;1.78099E-04;0.0;2.51055E-04;0.0;1
c_media_atomic.bmp;-0.7489;0.1007;-0.74925;0.10035000000000005;1000;256;256;9.12800E-02;38160.391441912645;2.217E+02;1.99556E-04;0.0;2.54154E-04;0.0;1
c_collapse.bmp;-0.7489;0.1007;-0.74925;0.10035000000000005;1000;256;256;8.47003E-02;38160.391441912645;2.217E+02;1.95265E-04;0.0;2.46286E-04;0.0;1
prof.bmp;-0.7489;0.1007;-0.74925;0.10035000000000005;1000;512;512;3.52275E-01;0.0;2.219E+02;7.22408E-04;0.0;6.04868E-04;0.0;1
python.bmp;-0.7489;0.1007;-0.74925;0.10035000000000005;1000;512;512;2.02408E+01;76406.6559142592;2.219E+02;7.68185E-04;0.0;8.94070E-04;0.0;1
c_tasks.bmp;-0.7489;0.1007;-0.74925;0.10035000000000005;1000;512;512;3.40208E-01;76406.6559142592;2.219E+02;6.79970E-04;0.0;8.75711E-04;0.0;1
c_schedule_static.bmp;-0.7489;0.1007;-0.74925;0.10035000000000005;1000;512;512;3.35740E-01;76406.6559142592;2.219E+02;6.78062E-04;0.0;8.84056E-04;0.0;1
c_schedule_dynamic.bmp;-0.7489;0.1007;-0.74925;0.10035000000000005;1000;512;512;3.35857E-01;76406.6559142592;2.219E+02;6.79016E-04;0.0;8.89301E-04;0.0;1
c_media_atomic.bmp;-0.7489;0.1007;-0.74925;0.10035000000000005;1000;512;512;3.43040E-01;76406.6559142592;2.219E+02;7.58886E-04;0.0;8.89063E-04;0.0;1
c_collapse.bmp;-0.7489;0.1007;-0.74925;0.10035000000000005;1000;512;512;3.38912E-01;76406.6559142592;2.219E+02;6.76870E-04;0.0;8.84056E-04;0.0;1
prof.bmp;-0.7489;0.1007;-0.74925;0.10035000000000005;1000;1024;1024;1.40904E+00;0.0;2.220E+02;2.73156E-03;0.0;2.17533E-03;0.0;1
python.bmp;-0.7489;0.1007;-0.74925;0.10035000000000005;1000;1024;1024;8.11141E+01;152849.8974288174;2.220E+02;2.78401E-03;0.0;3.24655E-03;0.0;1
c_tasks.bmp;-0.7489;0.1007;-0.74925;0.10035000000000005;1000;1024;1024;1.43647E+00;152849.8974288174;2.220E+02;2.70748E-03;0.0;3.24988E-03;0.0;1
c_schedule_static.bmp;-0.7489;0.1007;-0.74925;0.10035000000000005;1000;1024;1024;1.34275E+00;152849.8974288174;2.220E+02;2.78783E-03;0.0;3.24321E-03;0.0;1
c_schedule_dynamic.bmp;-0.7489;0.1007;-0.74925;0.10035000000000005;1000;1024;1024;1.34356E+00;152849.8974288174;2.220E+02;2.71535E-03;0.0;3.24321E-03;0.0;1
c_media_atomic.bmp;-0.7489;0.1007;-0.74925;0.10035000000000005;1000;1024;1024;1.35069E+00;152849.8974288174;2.220E+02;2.77376E-03;0.0;3.24750E-03;0.0;1
c_collapse.bmp;-0.7489;0.1007;-0.74925;0.10035000000000005;1000;1024;1024;1.36243E+00;152849.8974288174;2.220E+02;2.71845E-03;0.0;3.23939E-03;0.0;1
prof.bmp;-0.7489;0.1007;-0.74925;0.10035000000000005;1000;2048;2048;5.64330E+00;0.0;2.220E+02;1.06361E-02;0.0;8.00157E-03;0.0;1
python.bmp;-0.7489;0.1007;-0.74925;0.10035000000000005;1000;2048;2048;3.26715E+02;305806.3442899771;2.220E+02;1.07470E-02;0.0;1.20003E-02;0.0;1
c_tasks.bmp;-0.7489;0.1007;-0.74925;0.10035000000000005;1000;2048;2048;5.48341E+00;305806.3442899771;2.220E+02;1.07548E-02;0.0;1.20597E-02;0.0;1
c_schedule_static.bmp;-0.7489;0.1007;-0.74925;0.10035000000000005;1000;2048;2048;5.37547E+00;305806.3442899771;2.220E+02;1.07591E-02;0.0;1.20401E-02;0.0;1
c_schedule_dynamic.bmp;-0.7489;0.1007;-0.74925;0.10035000000000005;1000;2048;2048;5.37575E+00;305806.3442899771;2.220E+02;1.07348E-02;0.0;1.50139E-02;0.0;1
c_media_atomic.bmp;-0.7489;0.1007;-0.74925;0.10035000000000005;1000;2048;2048;5.41757E+00;305806.3442899771;2.220E+02;1.07646E-02;0.0;1.82226E-02;0.0;1
c_collapse.bmp;-0.7489;0.1007;-0.74925;0.10035000000000005;1000;2048;2048;5.42435E+00;305806.3442899771;2.220E+02;1.07477E-02;0.0;1.20659E-02;0.0;1
prof.bmp;-0.7489;0.1007;-0.74925;0.10035000000000005;1000;4096;4096;2.25531E+01;0.0;2.220E+02;4.24137E-02;0.0;3.00961E-02;0.0;1
c_tasks.bmp;-0.7489;0.1007;-0.74925;0.10035000000000005;1000;4096;4096;2.24247E+01;611399.0007899915;2.220E+02;8.74133E-02;0.0;6.95510E-02;0.0;1
c_schedule_static.bmp;-0.7489;0.1007;-0.74925;0.10035000000000005;1000;4096;4096;2.17035E+01;611399.0007899915;2.220E+02;4.28450E-02;0.0;4.48923E-02;0.0;1
c_schedule_dynamic.bmp;-0.7489;0.1007;-0.74925;0.10035000000000005;1000;4096;4096;2.17081E+01;611399.0007899915;2.220E+02;4.28340E-02;0.0;4.48630E-02;0.0;1
c_media_atomic.bmp;-0.7489;0.1007;-0.74925;0.10035000000000005;1000;4096;4096;2.17078E+01;611399.0007899915;2.220E+02;4.28507E-02;0.0;4.48630E-02;0.0;1
c_collapse.bmp;-0.7489;0.1007;-0.74925;0.10035000000000005;1000;4096;4096;2.21053E+01;611399.0007899915;2.220E+02;8.84619E-02;0.0;7.28285E-02;0.0;1
prof.bmp;-0.7489;0.1007;-0.74925;0.10035000000000005;1000;8192;8192;9.01820E+01;0.0;2.219E+02;2.24838E-01;0.0;1.61460E-01;0.0;1
c_tasks.bmp;-0.7489;0.1007;-0.74925;0.10035000000000005;1000;8192;8192;9.33007E+01;1222560.21967836;2.219E+02;2.26825E-01;0.0;1.68993E-01;0.0;1
c_schedule_static.bmp;-0.7489;0.1007;-0.74925;0.10035000000000005;1000;8192;8192;8.86671E+01;1222560.21967836;2.219E+02;1.71162E-01;0.0;1.69028E-01;0.0;1
c_schedule_dynamic.bmp;-0.7489;0.1007;-0.74925;0.10035000000000005;1000;8192;8192;8.87310E+01;1222560.21967836;2.219E+02;1.71122E-01;0.0;1.68952E-01;0.0;1
c_media_atomic.bmp;-0.7489;0.1007;-0.74925;0.10035000000000005;1000;8192;8192;8.86941E+01;1222560.21967836;2.219E+02;2.40356E-01;0.0;1.69196E-01;0.0;1
c_collapse.bmp;-0.7489;0.1007;-0.74925;0.10035000000000005;1000;8192;8192;9.18414E+01;1222560.21967836;2.219E+02;1.71194E-01;0.0;1.68842E-01;0.0;1
