out_file;xmin;ymin;xmax;ymax;maxiter;xres;yres;run_time;err;mean;mean_time;mean_err;bin_time;bin_err;n_threads
prof.bmp;-0.7489;0.1007;-0.74925;0.10035000000000005;1000;256;256;9.12797E-02;0.0;2.217E+02;3.23772E-04;0.0;3.61919E-04;0.0;2
python.bmp;-0.7489;0.1007;-0.74925;0.10035000000000005;1000;256;256;8.08710E+00;38160.391441912645;2.217E+02;1.84774E-04;0.0;1.96934E-04;0.0;2
c_tasks.bmp;-0.7489;0.1007;-0.74925;0.10035000000000005;1000;256;256;1.17728E-01;38160.391441912645;2.217E+02;1.70469E-04;0.0;2.09332E-04;0.0;2
c_schedule_static.bmp;-0.7489;0.1007;-0.74925;0.10035000000000005;1000;256;256;9.03234E-02;38160.391441912645;2.217E+02;1.54257E-04;0.0;1.95265E-04;0.0;2
c_schedule_dynamic.bmp;-0.7489;0.1007;-0.74925;0.10035000000000005;1000;256;256;7.30989E-02;38160.391441912645;2.217E+02;3.57008E-03;0.0;3.66306E-03;0.0;2
c_media_atomic.bmp;-0.7489;0.1007;-0.74925;0.10035000000000005;1000;256;256;8.85487E-02;38160.391441912645;2.217E+02;6.88124E-03;0.0;3.69477E-03;0.0;2
prof.bmp;-0.7489;0.1007;-0.74925;0.10035000000000005;1000;512;512;2.95167E-01;0.0;2.219E+02;5.64098E-04;0.0;6.19411E-04;0.0;2
python.bmp;-0.7489;0.1007;-0.74925;0.10035000000000005;1000;512;512;3.22246E+01;76406.6559142592;2.219E+02;4.70161E-04;0.0;6.47068E-04;0.0;2
c_tasks.bmp;-0.7489;0.1007;-0.74925;0.10035000000000005;1000;512;512;4.67761E-01;76406.6559142592;2.219E+02;6.18219E-04;0.0;8.66652E-04;0.0;2
c_schedule_static.bmp;-0.7489;0.1007;-0.74925;0.10035000000000005;1000;512;512;3.07482E-01;76406.6559142592;2.219E+02;4.19188E-03;0.0;4.55642E-03;0.0;2
c_schedule_dynamic.bmp;-0.7489;0.1007;-0.74925;0.10035000000000005;1000;512;512;2.69120E-01;76406.6559142592;2.219E+02;4.18353E-03;0.0;4.55999E-03;0.0;2
c_media_atomic.bmp;-0.7489;0.1007;-0.74925;0.10035000000000005;1000;512;512;2.63305E-01;76406.6559142592;2.219E+02;6.67810E-03;0.0;4.55689E-03;0.0;2
prof.bmp;-0.7489;0.1007;-0.74925;0.10035000000000005;1000;1024;1024;1.13772E+00;0.0;2.220E+02;3.41773E-03;0.0;4.38213E-03;0.0;2
python.bmp;-0.7489;0.1007;-0.74925;0.10035000000000005;1000;1024;1024;1.29029E+02;152849.8974288174;2.220E+02;3.24345E-03;0.0;4.56142E-03;0.0;2
c_tasks.bmp;-0.7489;0.1007;-0.74925;0.10035000000000005;1000;1024;1024;1.89414E+00;152849.8974288174;2.220E+02;1.72162E-03;0.0;2.42066E-03;0.0;2
c_schedule_static.bmp;-0.7489;0.1007;-0.74925;0.10035000000000005;1000;1024;1024;1.06061E+00;152849.8974288174;2.220E+02;1.72687E-03;0.0;2.41017E-03;0.0;2
c_schedule_dynamic.bmp;-0.7489;0.1007;-0.74925;0.10035000000000005;1000;1024;1024;9.27545E-01;152849.8974288174;2.220E+02;1.73306E-03;0.0;2.41637E-03;0.0;2
c_media_atomic.bmp;-0.7489;0.1007;-0.74925;0.10035000000000005;1000;1024;1024;9.32926E-01;152849.8974288174;2.220E+02;1.73306E-03;0.0;2.40445E-03;0.0;2
prof.bmp;-0.7489;0.1007;-0.74925;0.10035000000000005;1000;2048;2048;4.54678E+00;0.0;2.220E+02;7.92670E-03;0.0;9.37128E-03;0.0;2
python.bmp;-0.7489;0.1007;-0.74925;0.10035000000000005;1000;2048;2048;5.16412E+02;305806.3442899771;2.220E+02;1.62146E-02;0.0;1.34418E-02;0.0;2
c_tasks.bmp;-0.7489;0.1007;-0.74925;0.10035000000000005;1000;2048;2048;7.48057E+00;305806.3442899771;2.220E+02;6.57582E-03;0.0;8.93188E-03;0.0;2
c_schedule_static.bmp;-0.7489;0.1007;-0.74925;0.10035000000000005;1000;2048;2048;4.23951E+00;305806.3442899771;2.220E+02;6.57749E-03;0.0;8.92687E-03;0.0;2
c_schedule_dynamic.bmp;-0.7489;0.1007;-0.74925;0.10035000000000005;1000;2048;2048;3.66463E+00;305806.3442899771;2.220E+02;6.67334E-03;0.0;8.94976E-03;0.0;2
c_media_atomic.bmp;-0.7489;0.1007;-0.74925;0.10035000000000005;1000;2048;2048;3.66489E+00;305806.3442899771;2.220E+02;6.59108E-03;0.0;8.93044E-03;0.0;2
prof.bmp;-0.7489;0.1007;-0.74925;0.10035000000000005;1000;4096;4096;1.81535E+01;0.0;2.220E+02;4.59206E-02;0.0;4.35967E-02;0.0;2
c_tasks.bmp;-0.7489;0.1007;-0.74925;0.10035000000000005;1000;4096;4096;2.99624E+01;611399.0007899915;2.220E+02;4.03805E-02;0.0;4.38092E-02;0.0;2
c_schedule_static.bmp;-0.7489;0.1007;-0.74925;0.10035000000000005;1000;4096;4096;1.69909E+01;611399.0007899915;2.220E+02;3.69446E-02;0.0;4.88048E-02;0.0;2
c_schedule_dynamic.bmp;-0.7489;0.1007;-0.74925;0.10035000000000005;1000;4096;4096;1.55813E+01;611399.0007899915;2.220E+02;2.69115E-02;0.0;3.78377E-02;0.0;2
c_media_atomic.bmp;-0.7489;0.1007;-0.74925;0.10035000000000005;1000;4096;4096;1.54199E+01;611399.0007899915;2.220E+02;4.44582E-02;0.0;4.70998E-02;0.0;2
prof.bmp;-0.7489;0.1007;-0.74925;0.10035000000000005;1000;8192;8192;7.25611E+01;0.0;2.219E+02;1.42602E-01;0.0;1.22386E-01;0.0;2
c_tasks.bmp;-0.7489;0.1007;-0.74925;0.10035000000000005;1000;8192;8192;1.19739E+02;1222560.21967836;2.219E+02;1.37950E-01;0.0;1.29804E-01;0.0;2
c_schedule_static.bmp;-0.7489;0.1007;-0.74925;0.10035000000000005;1000;8192;8192;6.78242E+01;1222560.21967836;2.219E+02;1.37653E-01;0.0;1.29846E-01;0.0;2
c_schedule_dynamic.bmp;-0.7489;0.1007;-0.74925;0.10035000000000005;1000;8192;8192;5.93267E+01;1222560.21967836;2.219E+02;1.26027E-01;0.0;1.46706E-01;0.0;2
c_media_atomic.bmp;-0.7489;0.1007;-0.74925;0.10035000000000005;1000;8192;8192;5.97572E+01;1222560.21967836;2.219E+02;1.37663E-01;0.0;1.30678E-01;0.0;2
[91mUSO: main.py <xmin> <xmax> <ymin> <yres> <maxiter> <outputfile>
Ejemplo: -0.7489 -0.74925 0.1 1024 1000 out.bmp[0m
