out_file;xmin;ymin;xmax;ymax;maxiter;xres;yres;run_time;err;mean;mean_time;mean_err;bin_time;bin_err;n_threads
prof.bmp;-0.7489;0.1007;-0.74925;0.10035000000000005;1000;256;256;9.14545E-02;0.0;2.217E+02;3.43561E-04;0.0;3.37362E-04;0.0;2
python.bmp;-0.7489;0.1007;-0.74925;0.10035000000000005;1000;256;256;7.81431E+00;38160.391441912645;2.217E+02;1.64270E-04;0.0;1.89781E-04;0.0;2
c_tasks.bmp;-0.7489;0.1007;-0.74925;0.10035000000000005;1000;256;256;1.13183E-01;38160.391441912645;2.217E+02;3.57270E-03;0.0;3.64661E-03;0.0;2
c_schedule_static.bmp;-0.7489;0.1007;-0.74925;0.10035000000000005;1000;256;256;9.78451E-02;38160.391441912645;2.217E+02;3.57890E-03;0.0;3.64733E-03;0.0;2
c_schedule_dynamic.bmp;-0.7489;0.1007;-0.74925;0.10035000000000005;1000;256;256;8.77583E-02;38160.391441912645;2.217E+02;1.92761E-03;0.0;3.65543E-03;0.0;2
c_media_atomic.bmp;-0.7489;0.1007;-0.74925;0.10035000000000005;1000;256;256;8.20096E-02;38160.391441912645;2.217E+02;5.24068E-03;0.0;3.65019E-03;0.0;2
c_collapse.bmp;-0.7489;0.1007;-0.74925;0.10035000000000005;1000;256;256;8.46403E-02;38160.391441912645;2.217E+02;6.89101E-03;0.0;3.69072E-03;0.0;2
prof.bmp;-0.7489;0.1007;-0.74925;0.10035000000000005;1000;512;512;3.23262E-01;0.0;2.219E+02;5.36919E-04;0.0;6.27041E-04;0.0;2
python.bmp;-0.7489;0.1007;-0.74925;0.10035000000000005;1000;512;512;3.11296E+01;76406.6559142592;2.219E+02;5.19753E-04;0.0;6.57558E-04;0.0;2
c_tasks.bmp;-0.7489;0.1007;-0.74925;0.10035000000000005;1000;512;512;2.95419E-01;76406.6559142592;2.219E+02;2.68459E-03;0.0;4.51398E-03;0.0;2
c_schedule_static.bmp;-0.7489;0.1007;-0.74925;0.10035000000000005;1000;512;512;3.10643E-01;76406.6559142592;2.219E+02;4.22812E-03;0.0;4.50754E-03;0.0;2
c_schedule_dynamic.bmp;-0.7489;0.1007;-0.74925;0.10035000000000005;1000;512;512;2.62030E-01;76406.6559142592;2.219E+02;3.05939E-03;0.0;4.51016E-03;0.0;2
c_media_atomic.bmp;-0.7489;0.1007;-0.74925;0.10035000000000005;1000;512;512;2.63603E-01;76406.6559142592;2.219E+02;6.41394E-03;0.0;4.49634E-03;0.0;2
c_collapse.bmp;-0.7489;0.1007;-0.74925;0.10035000000000005;1000;512;512;2.73141E-01;76406.6559142592;2.219E+02;6.73151E-03;0.0;4.50087E-03;0.0;2
prof.bmp;-0.7489;0.1007;-0.74925;0.10035000000000005;1000;1024;1024;1.13825E+00;0.0;2.220E+02;1.83988E-03;0.0;2.31290E-03;0.0;2
python.bmp;-0.7489;0.1007;-0.74925;0.10035000000000005;1000;1024;1024;1.24689E+02;152849.8974288174;2.220E+02;2.10190E-03;0.0;2.71916E-03;0.0;2
c_tasks.bmp;-0.7489;0.1007;-0.74925;0.10035000000000005;1000;1024;1024;1.11732E+00;152849.8974288174;2.220E+02;1.77693E-03;0.0;2.32029E-03;0.0;2
c_schedule_static.bmp;-0.7489;0.1007;-0.74925;0.10035000000000005;1000;1024;1024;1.11871E+00;152849.8974288174;2.220E+02;1.78194E-03;0.0;2.29168E-03;0.0;2
c_schedule_dynamic.bmp;-0.7489;0.1007;-0.74925;0.10035000000000005;1000;1024;1024;9.65286E-01;152849.8974288174;2.220E+02;1.78909E-03;0.0;2.32410E-03;0.0;2
c_media_atomic.bmp;-0.7489;0.1007;-0.74925;0.10035000000000005;1000;1024;1024;9.65003E-01;152849.8974288174;2.220E+02;1.79362E-03;0.0;2.30074E-03;0.0;2
c_collapse.bmp;-0.7489;0.1007;-0.74925;0.10035000000000005;1000;1024;1024;9.92165E-01;152849.8974288174;2.220E+02;1.79863E-03;0.0;2.32506E-03;0.0;2
prof.bmp;-0.7489;0.1007;-0.74925;0.10035000000000005;1000;2048;2048;4.55588E+00;0.0;2.220E+02;7.91335E-03;0.0;9.37605E-03;0.0;2
python.bmp;-0.7489;0.1007;-0.74925;0.10035000000000005;1000;2048;2048;4.98590E+02;305806.3442899771;2.220E+02;1.29704E-02;0.0;8.51464E-03;0.0;2
c_tasks.bmp;-0.7489;0.1007;-0.74925;0.10035000000000005;1000;2048;2048;4.43944E+00;305806.3442899771;2.220E+02;6.86979E-03;0.0;1.25067E-02;0.0;2
c_schedule_static.bmp;-0.7489;0.1007;-0.74925;0.10035000000000005;1000;2048;2048;4.40615E+00;305806.3442899771;2.220E+02;6.87027E-03;0.0;1.14176E-02;0.0;2
c_schedule_dynamic.bmp;-0.7489;0.1007;-0.74925;0.10035000000000005;1000;2048;2048;3.80939E+00;305806.3442899771;2.220E+02;6.87456E-03;0.0;1.03245E-02;0.0;2
c_media_atomic.bmp;-0.7489;0.1007;-0.74925;0.10035000000000005;1000;2048;2048;3.81167E+00;305806.3442899771;2.220E+02;7.41005E-03;0.0;1.30765E-02;0.0;2
c_collapse.bmp;-0.7489;0.1007;-0.74925;0.10035000000000005;1000;2048;2048;3.92343E+00;305806.3442899771;2.220E+02;6.88219E-03;0.0;8.81433E-03;0.0;2
prof.bmp;-0.7489;0.1007;-0.74925;0.10035000000000005;1000;4096;4096;1.81693E+01;0.0;2.220E+02;4.59960E-02;0.0;4.35092E-02;0.0;2
c_tasks.bmp;-0.7489;0.1007;-0.74925;0.10035000000000005;1000;4096;4096;1.77256E+01;611399.0007899915;2.220E+02;4.17511E-02;0.0;4.14875E-02;0.0;2
c_schedule_static.bmp;-0.7489;0.1007;-0.74925;0.10035000000000005;1000;4096;4096;1.76451E+01;611399.0007899915;2.220E+02;4.61783E-02;0.0;4.43077E-02;0.0;2
c_schedule_dynamic.bmp;-0.7489;0.1007;-0.74925;0.10035000000000005;1000;4096;4096;1.52691E+01;611399.0007899915;2.220E+02;4.61142E-02;0.0;4.41983E-02;0.0;2
c_media_atomic.bmp;-0.7489;0.1007;-0.74925;0.10035000000000005;1000;4096;4096;1.52689E+01;611399.0007899915;2.220E+02;2.73595E-02;0.0;3.22404E-02;0.0;2
c_collapse.bmp;-0.7489;0.1007;-0.74925;0.10035000000000005;1000;4096;4096;1.57100E+01;611399.0007899915;2.220E+02;4.38652E-02;0.0;4.27153E-02;0.0;2
prof.bmp;-0.7489;0.1007;-0.74925;0.10035000000000005;1000;8192;8192;7.26183E+01;0.0;2.219E+02;1.42212E-01;0.0;1.21625E-01;0.0;2
c_tasks.bmp;-0.7489;0.1007;-0.74925;0.10035000000000005;1000;8192;8192;7.33826E+01;1222560.21967836;2.219E+02;1.42663E-01;0.0;1.23797E-01;0.0;2
c_schedule_static.bmp;-0.7489;0.1007;-0.74925;0.10035000000000005;1000;8192;8192;7.04275E+01;1222560.21967836;2.219E+02;1.42385E-01;0.0;1.23818E-01;0.0;2
c_schedule_dynamic.bmp;-0.7489;0.1007;-0.74925;0.10035000000000005;1000;8192;8192;6.09385E+01;1222560.21967836;2.219E+02;1.42583E-01;0.0;1.23778E-01;0.0;2
c_media_atomic.bmp;-0.7489;0.1007;-0.74925;0.10035000000000005;1000;8192;8192;6.09425E+01;1222560.21967836;2.219E+02;1.42231E-01;0.0;1.23744E-01;0.0;2
c_collapse.bmp;-0.7489;0.1007;-0.74925;0.10035000000000005;1000;8192;8192;6.46408E+01;1222560.21967836;2.219E+02;1.32703E-01;0.0;1.34113E-01;0.0;2
out_file;xmin;ymin;xmax;ymax;maxiter;xres;yres;run_time;err;mean;mean_time;mean_err;bin_time;bin_err;n_threads
prof.bmp;-0.7489;0.1007;-0.74925;0.10035000000000005;1000;256;256;1.49816E-01;0.0;2.217E+02;4.51088E-04;0.0;5.77688E-04;0.0;1
python.bmp;-0.7489;0.1007;-0.74925;0.10035000000000005;1000;256;256;7.90145E+00;38160.391441912645;2.217E+02;2.69413E-04;0.0;3.38793E-04;0.0;1
c_tasks.bmp;-0.7489;0.1007;-0.74925;0.10035000000000005;1000;256;256;1.25206E-01;38160.391441912645;2.217E+02;4.41074E-04;0.0;5.92232E-04;0.0;1
c_schedule_static.bmp;-0.7489;0.1007;-0.74925;0.10035000000000005;1000;256;256;1.50726E-01;38160.391441912645;2.217E+02;3.91483E-04;0.0;4.81844E-04;0.0;1
c_schedule_dynamic.bmp;-0.7489;0.1007;-0.74925;0.10035000000000005;1000;256;256;1.54126E-01;38160.391441912645;2.217E+02;4.77552E-04;0.0;5.95570E-04;0.0;1
c_media_atomic.bmp;-0.7489;0.1007;-0.74925;0.10035000000000005;1000;256;256;1.55680E-01;38160.391441912645;2.217E+02;4.92811E-04;0.0;6.02245E-04;0.0;1
c_collapse.bmp;-0.7489;0.1007;-0.74925;0.10035000000000005;1000;256;256;1.56494E-01;38160.391441912645;2.217E+02;4.22955E-04;0.0;5.46217E-04;0.0;1
prof.bmp;-0.7489;0.1007;-0.74925;0.10035000000000005;1000;512;512;5.21062E-01;0.0;2.219E+02;1.21546E-03;0.0;1.63984E-03;0.0;1
python.bmp;-0.7489;0.1007;-0.74925;0.10035000000000005;1000;512;512;3.15770E+01;76406.6559142592;2.219E+02;1.74522E-03;0.0;2.27833E-03;0.0;1
c_tasks.bmp;-0.7489;0.1007;-0.74925;0.10035000000000005;1000;512;512;5.18434E-01;76406.6559142592;2.219E+02;1.27912E-03;0.0;1.67584E-03;0.0;1
c_schedule_static.bmp;-0.7489;0.1007;-0.74925;0.10035000000000005;1000;512;512;4.92875E-01;76406.6559142592;2.219E+02;1.72758E-03;0.0;2.29120E-03;0.0;1
c_schedule_dynamic.bmp;-0.7489;0.1007;-0.74925;0.10035000000000005;1000;512;512;5.09935E-01;76406.6559142592;2.219E+02;1.16634E-03;0.0;1.54400E-03;0.0;1
c_media_atomic.bmp;-0.7489;0.1007;-0.74925;0.10035000000000005;1000;512;512;4.98631E-01;76406.6559142592;2.219E+02;1.37758E-03;0.0;1.84584E-03;0.0;1
c_collapse.bmp;-0.7489;0.1007;-0.74925;0.10035000000000005;1000;512;512;5.11379E-01;76406.6559142592;2.219E+02;9.17435E-04;0.0;1.36995E-03;0.0;1
prof.bmp;-0.7489;0.1007;-0.74925;0.10035000000000005;1000;1024;1024;1.99784E+00;0.0;2.220E+02;5.08833E-03;0.0;6.52432E-03;0.0;1
python.bmp;-0.7489;0.1007;-0.74925;0.10035000000000005;1000;1024;1024;1.26233E+02;152849.8974288174;2.220E+02;5.05948E-03;0.0;6.37746E-03;0.0;1
c_tasks.bmp;-0.7489;0.1007;-0.74925;0.10035000000000005;1000;1024;1024;1.96426E+00;152849.8974288174;2.220E+02;5.05638E-03;0.0;6.47783E-03;0.0;1
c_schedule_static.bmp;-0.7489;0.1007;-0.74925;0.10035000000000005;1000;1024;1024;1.92561E+00;152849.8974288174;2.220E+02;5.58901E-03;0.0;6.97589E-03;0.0;1
c_schedule_dynamic.bmp;-0.7489;0.1007;-0.74925;0.10035000000000005;1000;1024;1024;1.94479E+00;152849.8974288174;2.220E+02;5.71799E-03;0.0;7.11775E-03;0.0;1
c_media_atomic.bmp;-0.7489;0.1007;-0.74925;0.10035000000000005;1000;1024;1024;1.93460E+00;152849.8974288174;2.220E+02;5.82743E-03;0.0;7.35188E-03;0.0;1
c_collapse.bmp;-0.7489;0.1007;-0.74925;0.10035000000000005;1000;1024;1024;1.97612E+00;152849.8974288174;2.220E+02;5.02443E-03;0.0;6.39701E-03;0.0;1
prof.bmp;-0.7489;0.1007;-0.74925;0.10035000000000005;1000;2048;2048;7.98708E+00;0.0;2.220E+02;2.47347E-02;0.0;2.69241E-02;0.0;1
python.bmp;-0.7489;0.1007;-0.74925;0.10035000000000005;1000;2048;2048;5.05067E+02;305806.3442899771;2.220E+02;1.79160E-02;0.0;2.02277E-02;0.0;1
c_tasks.bmp;-0.7489;0.1007;-0.74925;0.10035000000000005;1000;2048;2048;7.76767E+00;305806.3442899771;2.220E+02;1.78421E-02;0.0;2.01766E-02;0.0;1
c_schedule_static.bmp;-0.7489;0.1007;-0.74925;0.10035000000000005;1000;2048;2048;7.62252E+00;305806.3442899771;2.220E+02;1.53744E-02;0.0;1.77021E-02;0.0;1
c_schedule_dynamic.bmp;-0.7489;0.1007;-0.74925;0.10035000000000005;1000;2048;2048;7.61681E+00;305806.3442899771;2.220E+02;2.23608E-02;0.0;2.42269E-02;0.0;1
c_media_atomic.bmp;-0.7489;0.1007;-0.74925;0.10035000000000005;1000;2048;2048;7.63845E+00;305806.3442899771;2.220E+02;1.76833E-02;0.0;2.01807E-02;0.0;1
c_collapse.bmp;-0.7489;0.1007;-0.74925;0.10035000000000005;1000;2048;2048;7.80071E+00;305806.3442899771;2.220E+02;1.63550E-02;0.0;1.88243E-02;0.0;1
prof.bmp;-0.7489;0.1007;-0.74925;0.10035000000000005;1000;4096;4096;3.19294E+01;0.0;2.220E+02;8.40507E-02;0.0;7.18493E-02;0.0;1
c_tasks.bmp;-0.7489;0.1007;-0.74925;0.10035000000000005;1000;4096;4096;3.11490E+01;611399.0007899915;2.220E+02;8.40056E-02;0.0;7.14400E-02;0.0;1
c_schedule_static.bmp;-0.7489;0.1007;-0.74925;0.10035000000000005;1000;4096;4096;3.04755E+01;611399.0007899915;2.220E+02;8.13155E-02;0.0;7.02567E-02;0.0;1
c_schedule_dynamic.bmp;-0.7489;0.1007;-0.74925;0.10035000000000005;1000;4096;4096;3.04823E+01;611399.0007899915;2.220E+02;8.40299E-02;0.0;7.11203E-02;0.0;1
c_media_atomic.bmp;-0.7489;0.1007;-0.74925;0.10035000000000005;1000;4096;4096;3.04921E+01;611399.0007899915;2.220E+02;8.03981E-02;0.0;7.03695E-02;0.0;1
c_collapse.bmp;-0.7489;0.1007;-0.74925;0.10035000000000005;1000;4096;4096;3.11479E+01;611399.0007899915;2.220E+02;8.28221E-02;0.0;7.13851E-02;0.0;1
prof.bmp;-0.7489;0.1007;-0.74925;0.10035000000000005;1000;8192;8192;1.27721E+02;0.0;2.219E+02;2.48328E-01;0.0;2.41222E-01;0.0;1
c_tasks.bmp;-0.7489;0.1007;-0.74925;0.10035000000000005;1000;8192;8192;1.24157E+02;1222560.21967836;2.219E+02;2.51180E-01;0.0;2.39129E-01;0.0;1
c_schedule_static.bmp;-0.7489;0.1007;-0.74925;0.10035000000000005;1000;8192;8192;1.21762E+02;1222560.21967836;2.219E+02;2.49604E-01;0.0;2.39098E-01;0.0;1
c_schedule_dynamic.bmp;-0.7489;0.1007;-0.74925;0.10035000000000005;1000;8192;8192;1.21842E+02;1222560.21967836;2.219E+02;2.50837E-01;0.0;2.39124E-01;0.0;1
c_media_atomic.bmp;-0.7489;0.1007;-0.74925;0.10035000000000005;1000;8192;8192;1.21796E+02;1222560.21967836;2.219E+02;2.48362E-01;0.0;2.39138E-01;0.0;1
c_collapse.bmp;-0.7489;0.1007;-0.74925;0.10035000000000005;1000;8192;8192;1.24522E+02;1222560.21967836;2.219E+02;2.47192E-01;0.0;2.39836E-01;0.0;1
