out_file;xmin;ymin;xmax;ymax;maxiter;xres;yres;run_time;err;mean;mean_time;mean_err;bin_time;bin_err;n_threads
prof.bmp;-0.7489;0.1007;-0.74925;0.10035000000000005;1000;256;256;8.74658E-02;0.0;2.217E+02;3.07322E-04;0.0;3.39508E-04;0.0;2
c_tasks.bmp;-0.7489;0.1007;-0.74925;0.10035000000000005;1000;256;256;9.84626E-02;38160.391441912645;2.217E+02;1.65462E-04;0.0;1.89066E-04;0.0;2
c_schedule_static.bmp;-0.7489;0.1007;-0.74925;0.10035000000000005;1000;256;256;8.98428E-02;38160.391441912645;2.217E+02;1.68800E-04;0.0;1.75476E-04;0.0;2
c_schedule_dynamic.bmp;-0.7489;0.1007;-0.74925;0.10035000000000005;1000;256;256;6.89998E-02;38160.391441912645;2.217E+02;3.57246E-03;0.0;3.64614E-03;0.0;2
c_media_atomic.bmp;-0.7489;0.1007;-0.74925;0.10035000000000005;1000;256;256;8.89955E-02;38160.391441912645;2.217E+02;6.87885E-03;0.0;2.94542E-03;0.0;2
c_collapse.bmp;-0.7489;0.1007;-0.74925;0.10035000000000005;1000;256;256;8.03285E-02;38160.391441912645;2.217E+02;6.87909E-03;0.0;3.64327E-03;0.0;2
prof.bmp;-0.7489;0.1007;-0.74925;0.10035000000000005;1000;512;512;3.09726E-01;0.0;2.219E+02;5.45025E-04;0.0;6.44445E-04;0.0;2
c_tasks.bmp;-0.7489;0.1007;-0.74925;0.10035000000000005;1000;512;512;2.68393E-01;76406.6559142592;2.219E+02;2.88486E-03;0.0;4.50563E-03;0.0;2
c_schedule_static.bmp;-0.7489;0.1007;-0.74925;0.10035000000000005;1000;512;512;2.98815E-01;76406.6559142592;2.219E+02;4.19116E-03;0.0;4.52137E-03;0.0;2
c_schedule_dynamic.bmp;-0.7489;0.1007;-0.74925;0.10035000000000005;1000;512;512;2.61394E-01;76406.6559142592;2.219E+02;4.19116E-03;0.0;4.52065E-03;0.0;2
c_media_atomic.bmp;-0.7489;0.1007;-0.74925;0.10035000000000005;1000;512;512;2.65865E-01;76406.6559142592;2.219E+02;6.70981E-03;0.0;4.49991E-03;0.0;2
c_collapse.bmp;-0.7489;0.1007;-0.74925;0.10035000000000005;1000;512;512;2.74224E-01;76406.6559142592;2.219E+02;7.49564E-03;0.0;4.50349E-03;0.0;2
prof.bmp;-0.7489;0.1007;-0.74925;0.10035000000000005;1000;1024;1024;1.13795E+00;0.0;2.220E+02;2.00701E-03;0.0;2.48122E-03;0.0;2
c_tasks.bmp;-0.7489;0.1007;-0.74925;0.10035000000000005;1000;1024;1024;1.07457E+00;152849.8974288174;2.220E+02;1.71995E-03;0.0;2.36821E-03;0.0;2
c_schedule_static.bmp;-0.7489;0.1007;-0.74925;0.10035000000000005;1000;1024;1024;1.08962E+00;152849.8974288174;2.220E+02;1.73569E-03;0.0;2.40231E-03;0.0;2
c_schedule_dynamic.bmp;-0.7489;0.1007;-0.74925;0.10035000000000005;1000;1024;1024;9.29471E-01;152849.8974288174;2.220E+02;1.72353E-03;0.0;2.31552E-03;0.0;2
c_media_atomic.bmp;-0.7489;0.1007;-0.74925;0.10035000000000005;1000;1024;1024;9.31073E-01;152849.8974288174;2.220E+02;1.72162E-03;0.0;2.36773E-03;0.0;2
c_collapse.bmp;-0.7489;0.1007;-0.74925;0.10035000000000005;1000;1024;1024;9.61237E-01;152849.8974288174;2.220E+02;1.72853E-03;0.0;2.36559E-03;0.0;2
prof.bmp;-0.7489;0.1007;-0.74925;0.10035000000000005;1000;2048;2048;4.56230E+00;0.0;2.220E+02;7.14135E-03;0.0;8.58593E-03;0.0;2
c_tasks.bmp;-0.7489;0.1007;-0.74925;0.10035000000000005;1000;2048;2048;4.30623E+00;305806.3442899771;2.220E+02;6.76179E-03;0.0;1.25189E-02;0.0;2
c_schedule_static.bmp;-0.7489;0.1007;-0.74925;0.10035000000000005;1000;2048;2048;4.23984E+00;305806.3442899771;2.220E+02;6.57964E-03;0.0;9.70602E-03;0.0;2
c_schedule_dynamic.bmp;-0.7489;0.1007;-0.74925;0.10035000000000005;1000;2048;2048;3.67514E+00;305806.3442899771;2.220E+02;6.58345E-03;0.0;1.27387E-02;0.0;2
c_media_atomic.bmp;-0.7489;0.1007;-0.74925;0.10035000000000005;1000;2048;2048;3.67537E+00;305806.3442899771;2.220E+02;6.61254E-03;0.0;1.27118E-02;0.0;2
c_collapse.bmp;-0.7489;0.1007;-0.74925;0.10035000000000005;1000;2048;2048;3.80994E+00;305806.3442899771;2.220E+02;6.59680E-03;0.0;9.51838E-03;0.0;2
prof.bmp;-0.7489;0.1007;-0.74925;0.10035000000000005;1000;4096;4096;1.82201E+01;0.0;2.220E+02;4.59299E-02;0.0;4.37799E-02;0.0;2
c_tasks.bmp;-0.7489;0.1007;-0.74925;0.10035000000000005;1000;4096;4096;1.72780E+01;611399.0007899915;2.220E+02;4.44484E-02;0.0;4.65593E-02;0.0;2
c_schedule_static.bmp;-0.7489;0.1007;-0.74925;0.10035000000000005;1000;4096;4096;1.69971E+01;611399.0007899915;2.220E+02;4.20041E-02;0.0;4.46639E-02;0.0;2
c_schedule_dynamic.bmp;-0.7489;0.1007;-0.74925;0.10035000000000005;1000;4096;4096;1.46809E+01;611399.0007899915;2.220E+02;2.69995E-02;0.0;3.36554E-02;0.0;2
c_media_atomic.bmp;-0.7489;0.1007;-0.74925;0.10035000000000005;1000;4096;4096;1.47212E+01;611399.0007899915;2.220E+02;4.42839E-02;0.0;4.66063E-02;0.0;2
c_collapse.bmp;-0.7489;0.1007;-0.74925;0.10035000000000005;1000;4096;4096;1.52572E+01;611399.0007899915;2.220E+02;2.64747E-02;0.0;3.35898E-02;0.0;2
prof.bmp;-0.7489;0.1007;-0.74925;0.10035000000000005;1000;8192;8192;7.27779E+01;0.0;2.219E+02;1.43775E-01;0.0;1.22368E-01;0.0;2
c_tasks.bmp;-0.7489;0.1007;-0.74925;0.10035000000000005;1000;8192;8192;6.88637E+01;1222560.21967836;2.219E+02;1.38181E-01;0.0;1.31509E-01;0.0;2
c_schedule_static.bmp;-0.7489;0.1007;-0.74925;0.10035000000000005;1000;8192;8192;7.01923E+01;1222560.21967836;2.219E+02;1.35406E-01;0.0;1.30590E-01;0.0;2
c_schedule_dynamic.bmp;-0.7489;0.1007;-0.74925;0.10035000000000005;1000;8192;8192;5.87581E+01;1222560.21967836;2.219E+02;1.38279E-01;0.0;1.30674E-01;0.0;2
c_media_atomic.bmp;-0.7489;0.1007;-0.74925;0.10035000000000005;1000;8192;8192;5.87420E+01;1222560.21967836;2.219E+02;1.37724E-01;0.0;1.30839E-01;0.0;2
c_collapse.bmp;-0.7489;0.1007;-0.74925;0.10035000000000005;1000;8192;8192;6.09201E+01;1222560.21967836;2.219E+02;1.38714E-01;0.0;1.30744E-01;0.0;2
out_file;xmin;ymin;xmax;ymax;maxiter;xres;yres;run_time;err;mean;mean_time;mean_err;bin_time;bin_err;n_threads
prof.bmp;-0.7489;0.1007;-0.74925;0.10035000000000005;1000;256;256;1.48974E-01;0.0;2.217E+02;4.40121E-04;0.0;5.93424E-04;0.0;1
python.bmp;-0.7489;0.1007;-0.74925;0.10035000000000005;1000;256;256;7.93092E+00;38160.391441912645;2.217E+02;3.01600E-04;0.0;3.60012E-04;0.0;1
c_tasks.bmp;-0.7489;0.1007;-0.74925;0.10035000000000005;1000;256;256;1.44690E-01;38160.391441912645;2.217E+02;3.97444E-04;0.0;5.47886E-04;0.0;1
prof.bmp;-0.7489;0.1007;-0.74925;0.10035000000000005;1000;512;512;5.30292E-01;0.0;2.219E+02;1.20974E-03;0.0;1.62768E-03;0.0;1
python.bmp;-0.7489;0.1007;-0.74925;0.10035000000000005;1000;512;512;3.16501E+01;76406.6559142592;2.219E+02;1.12581E-03;0.0;1.54424E-03;0.0;1
c_tasks.bmp;-0.7489;0.1007;-0.74925;0.10035000000000005;1000;512;512;4.81629E-01;76406.6559142592;2.219E+02;9.63926E-04;0.0;1.41907E-03;0.0;1
prof.bmp;-0.7489;0.1007;-0.74925;0.10035000000000005;1000;1024;1024;2.02503E+00;0.0;2.220E+02;6.57201E-03;0.0;8.32582E-03;0.0;1
python.bmp;-0.7489;0.1007;-0.74925;0.10035000000000005;1000;1024;1024;1.26681E+02;152849.8974288174;2.220E+02;4.17876E-03;0.0;5.55682E-03;0.0;1
c_tasks.bmp;-0.7489;0.1007;-0.74925;0.10035000000000005;1000;1024;1024;1.91923E+00;152849.8974288174;2.220E+02;4.57525E-03;0.0;6.34456E-03;0.0;1
prof.bmp;-0.7489;0.1007;-0.74925;0.10035000000000005;1000;2048;2048;7.99389E+00;0.0;2.220E+02;1.78049E-02;0.0;2.05374E-02;0.0;1
python.bmp;-0.7489;0.1007;-0.74925;0.10035000000000005;1000;2048;2048;5.06402E+02;305806.3442899771;2.220E+02;1.47028E-02;0.0;1.90167E-02;0.0;1
c_tasks.bmp;-0.7489;0.1007;-0.74925;0.10035000000000005;1000;2048;2048;7.52064E+00;305806.3442899771;2.220E+02;1.76244E-02;0.0;2.16582E-02;0.0;1
prof.bmp;-0.7489;0.1007;-0.74925;0.10035000000000005;1000;4096;4096;3.19227E+01;0.0;2.220E+02;5.39842E-02;0.0;6.32768E-02;0.0;1
c_tasks.bmp;-0.7489;0.1007;-0.74925;0.10035000000000005;1000;4096;4096;3.00453E+01;611399.0007899915;2.220E+02;8.02686E-02;0.0;7.55894E-02;0.0;1
prof.bmp;-0.7489;0.1007;-0.74925;0.10035000000000005;1000;8192;8192;1.27693E+02;0.0;2.219E+02;2.47399E-01;0.0;2.45085E-01;0.0;1
c_tasks.bmp;-0.7489;0.1007;-0.74925;0.10035000000000005;1000;8192;8192;1.20220E+02;1222560.21967836;2.219E+02;2.38883E-01;0.0;2.54517E-01;0.0;1
