out_file;xmin;ymin;xmax;ymax;maxiter;xres;yres;run_time;err;mean;mean_time;mean_err;bin_time;bin_err;n_threads
prof.bmp;-0.7489;0.1007;-0.74925;0.10035000000000005;1000;256;256;9.23178E-02;0.0;2.217E+02;2.81572E-04;0.0;2.51055E-04;0.0;2
c_tasks.bmp;-0.7489;0.1007;-0.74925;0.10035000000000005;1000;256;256;7.62448E-02;38160.391441912645;2.217E+02;1.65224E-04;0.0;1.85490E-04;0.0;2
c_schedule_static.bmp;-0.7489;0.1007;-0.74925;0.10035000000000005;1000;256;256;8.72343E-02;38160.391441912645;2.217E+02;1.64986E-04;0.0;1.80244E-04;0.0;2
c_schedule_dynamic.bmp;-0.7489;0.1007;-0.74925;0.10035000000000005;1000;256;256;7.20627E-02;38160.391441912645;2.217E+02;3.58343E-03;0.0;3.64709E-03;0.0;2
c_media_atomic.bmp;-0.7489;0.1007;-0.74925;0.10035000000000005;1000;256;256;9.33316E-02;38160.391441912645;2.217E+02;5.24211E-03;0.0;3.66163E-03;0.0;2
c_collapse.bmp;-0.7489;0.1007;-0.74925;0.10035000000000005;1000;256;256;9.21052E-02;38160.391441912645;2.217E+02;6.88291E-03;0.0;3.64995E-03;0.0;2
prof.bmp;-0.7489;0.1007;-0.74925;0.10035000000000005;1000;512;512;3.21831E-01;0.0;2.219E+02;5.43833E-04;0.0;6.22749E-04;0.0;2
c_tasks.bmp;-0.7489;0.1007;-0.74925;0.10035000000000005;1000;512;512;2.67724E-01;76406.6559142592;2.219E+02;2.63619E-03;0.0;4.50778E-03;0.0;2
c_schedule_static.bmp;-0.7489;0.1007;-0.74925;0.10035000000000005;1000;512;512;3.02150E-01;76406.6559142592;2.219E+02;2.58851E-03;0.0;4.53353E-03;0.0;2
c_schedule_dynamic.bmp;-0.7489;0.1007;-0.74925;0.10035000000000005;1000;512;512;2.52716E-01;76406.6559142592;2.219E+02;3.03960E-03;0.0;4.51040E-03;0.0;2
c_media_atomic.bmp;-0.7489;0.1007;-0.74925;0.10035000000000005;1000;512;512;2.58064E-01;76406.6559142592;2.219E+02;7.49850E-03;0.0;4.52209E-03;0.0;2
c_collapse.bmp;-0.7489;0.1007;-0.74925;0.10035000000000005;1000;512;512;2.64103E-01;76406.6559142592;2.219E+02;6.23178E-03;0.0;4.50373E-03;0.0;2
prof.bmp;-0.7489;0.1007;-0.74925;0.10035000000000005;1000;1024;1024;1.12448E+00;0.0;2.220E+02;1.96600E-03;0.0;2.49481E-03;0.0;2
c_tasks.bmp;-0.7489;0.1007;-0.74925;0.10035000000000005;1000;1024;1024;1.11428E+00;152849.8974288174;2.220E+02;1.71614E-03;0.0;2.38609E-03;0.0;2
c_schedule_static.bmp;-0.7489;0.1007;-0.74925;0.10035000000000005;1000;1024;1024;1.08811E+00;152849.8974288174;2.220E+02;1.72520E-03;0.0;2.37989E-03;0.0;2
c_schedule_dynamic.bmp;-0.7489;0.1007;-0.74925;0.10035000000000005;1000;1024;1024;9.31267E-01;152849.8974288174;2.220E+02;1.72186E-03;0.0;2.34771E-03;0.0;2
c_media_atomic.bmp;-0.7489;0.1007;-0.74925;0.10035000000000005;1000;1024;1024;9.31553E-01;152849.8974288174;2.220E+02;1.72377E-03;0.0;2.37679E-03;0.0;2
c_collapse.bmp;-0.7489;0.1007;-0.74925;0.10035000000000005;1000;1024;1024;9.60784E-01;152849.8974288174;2.220E+02;1.73020E-03;0.0;2.37823E-03;0.0;2
prof.bmp;-0.7489;0.1007;-0.74925;0.10035000000000005;1000;2048;2048;4.55418E+00;0.0;2.220E+02;7.63273E-03;0.0;9.11593E-03;0.0;2
c_tasks.bmp;-0.7489;0.1007;-0.74925;0.10035000000000005;1000;2048;2048;4.30184E+00;305806.3442899771;2.220E+02;6.57368E-03;0.0;8.91256E-03;0.0;2
c_schedule_static.bmp;-0.7489;0.1007;-0.74925;0.10035000000000005;1000;2048;2048;4.24104E+00;305806.3442899771;2.220E+02;6.57344E-03;0.0;9.08017E-03;0.0;2
c_schedule_dynamic.bmp;-0.7489;0.1007;-0.74925;0.10035000000000005;1000;2048;2048;3.67656E+00;305806.3442899771;2.220E+02;6.59442E-03;0.0;1.00396E-02;0.0;2
c_media_atomic.bmp;-0.7489;0.1007;-0.74925;0.10035000000000005;1000;2048;2048;3.67614E+00;305806.3442899771;2.220E+02;6.59156E-03;0.0;1.26483E-02;0.0;2
c_collapse.bmp;-0.7489;0.1007;-0.74925;0.10035000000000005;1000;2048;2048;3.80872E+00;305806.3442899771;2.220E+02;6.59490E-03;0.0;1.27451E-02;0.0;2
prof.bmp;-0.7489;0.1007;-0.74925;0.10035000000000005;1000;4096;4096;1.81937E+01;0.0;2.220E+02;4.61557E-02;0.0;4.40209E-02;0.0;2
c_tasks.bmp;-0.7489;0.1007;-0.74925;0.10035000000000005;1000;4096;4096;1.72486E+01;611399.0007899915;2.220E+02;4.22101E-02;0.0;4.50385E-02;0.0;2
c_schedule_static.bmp;-0.7489;0.1007;-0.74925;0.10035000000000005;1000;4096;4096;1.69884E+01;611399.0007899915;2.220E+02;4.41625E-02;0.0;4.62625E-02;0.0;2
c_schedule_dynamic.bmp;-0.7489;0.1007;-0.74925;0.10035000000000005;1000;4096;4096;1.47156E+01;611399.0007899915;2.220E+02;4.02830E-02;0.0;4.34170E-02;0.0;2
c_media_atomic.bmp;-0.7489;0.1007;-0.74925;0.10035000000000005;1000;4096;4096;1.54427E+01;611399.0007899915;2.220E+02;3.36199E-02;0.0;3.61764E-02;0.0;2
c_collapse.bmp;-0.7489;0.1007;-0.74925;0.10035000000000005;1000;4096;4096;1.61823E+01;611399.0007899915;2.220E+02;2.79346E-02;0.0;4.40834E-02;0.0;2
prof.bmp;-0.7489;0.1007;-0.74925;0.10035000000000005;1000;8192;8192;7.26907E+01;0.0;2.219E+02;1.42828E-01;0.0;1.22406E-01;0.0;2
c_tasks.bmp;-0.7489;0.1007;-0.74925;0.10035000000000005;1000;8192;8192;6.87349E+01;1222560.21967836;2.219E+02;1.37892E-01;0.0;1.30657E-01;0.0;2
c_schedule_static.bmp;-0.7489;0.1007;-0.74925;0.10035000000000005;1000;8192;8192;6.78560E+01;1222560.21967836;2.219E+02;1.37488E-01;0.0;1.30713E-01;0.0;2
c_schedule_dynamic.bmp;-0.7489;0.1007;-0.74925;0.10035000000000005;1000;8192;8192;5.87805E+01;1222560.21967836;2.219E+02;1.34317E-01;0.0;1.42487E-01;0.0;2
c_media_atomic.bmp;-0.7489;0.1007;-0.74925;0.10035000000000005;1000;8192;8192;6.06658E+01;1222560.21967836;2.219E+02;1.37447E-01;0.0;1.31370E-01;0.0;2
c_collapse.bmp;-0.7489;0.1007;-0.74925;0.10035000000000005;1000;8192;8192;6.09552E+01;1222560.21967836;2.219E+02;1.37463E-01;0.0;1.30685E-01;0.0;2
out_file;xmin;ymin;xmax;ymax;maxiter;xres;yres;run_time;err;mean;mean_time;mean_err;bin_time;bin_err;n_threads
prof.bmp;-0.7489;0.1007;-0.74925;0.10035000000000005;1000;256;256;1.47196E-01;0.0;2.217E+02;4.58479E-04;0.0;6.14405E-04;0.0;1
python.bmp;-0.7489;0.1007;-0.74925;0.10035000000000005;1000;256;256;7.82691E+00;38160.391441912645;2.217E+02;3.47376E-04;0.0;4.37737E-04;0.0;1
c_tasks.bmp;-0.7489;0.1007;-0.74925;0.10035000000000005;1000;256;256;1.33062E-01;38160.391441912645;2.217E+02;3.99828E-04;0.0;5.31912E-04;0.0;1
prof.bmp;-0.7489;0.1007;-0.74925;0.10035000000000005;1000;512;512;5.34811E-01;0.0;2.219E+02;1.00732E-03;0.0;1.33157E-03;0.0;1
python.bmp;-0.7489;0.1007;-0.74925;0.10035000000000005;1000;512;512;3.11534E+01;76406.6559142592;2.219E+02;1.08004E-03;0.0;1.47605E-03;0.0;1
c_tasks.bmp;-0.7489;0.1007;-0.74925;0.10035000000000005;1000;512;512;4.79321E-01;76406.6559142592;2.219E+02;9.98259E-04;0.0;1.40166E-03;0.0;1
prof.bmp;-0.7489;0.1007;-0.74925;0.10035000000000005;1000;1024;1024;2.00034E+00;0.0;2.220E+02;4.55022E-03;0.0;5.92756E-03;0.0;1
python.bmp;-0.7489;0.1007;-0.74925;0.10035000000000005;1000;1024;1024;1.24624E+02;152849.8974288174;2.220E+02;4.57764E-03;0.0;6.36959E-03;0.0;1
c_tasks.bmp;-0.7489;0.1007;-0.74925;0.10035000000000005;1000;1024;1024;1.90414E+00;152849.8974288174;2.220E+02;4.33397E-03;0.0;6.07014E-03;0.0;1
prof.bmp;-0.7489;0.1007;-0.74925;0.10035000000000005;1000;2048;2048;7.99788E+00;0.0;2.220E+02;1.62184E-02;0.0;1.89133E-02;0.0;1
python.bmp;-0.7489;0.1007;-0.74925;0.10035000000000005;1000;2048;2048;4.98776E+02;305806.3442899771;2.220E+02;1.75960E-02;0.0;2.17412E-02;0.0;1
c_tasks.bmp;-0.7489;0.1007;-0.74925;0.10035000000000005;1000;2048;2048;7.51538E+00;305806.3442899771;2.220E+02;1.76497E-02;0.0;2.17314E-02;0.0;1
prof.bmp;-0.7489;0.1007;-0.74925;0.10035000000000005;1000;4096;4096;3.19947E+01;0.0;2.220E+02;8.25410E-02;0.0;7.17349E-02;0.0;1
c_tasks.bmp;-0.7489;0.1007;-0.74925;0.10035000000000005;1000;4096;4096;3.00802E+01;611399.0007899915;2.220E+02;7.98120E-02;0.0;7.55551E-02;0.0;1
prof.bmp;-0.7489;0.1007;-0.74925;0.10035000000000005;1000;8192;8192;1.27968E+02;0.0;2.219E+02;2.46542E-01;0.0;2.39524E-01;0.0;1
c_tasks.bmp;-0.7489;0.1007;-0.74925;0.10035000000000005;1000;8192;8192;1.20187E+02;1222560.21967836;2.219E+02;2.39744E-01;0.0;2.54154E-01;0.0;1
