out_file;xmin;ymin;xmax;ymax;maxiter;xres;yres;run_time;err;mean;mean_time;mean_err;bin_time;bin_err;n_threads
prof.bmp;-0.7489;0.1007;-0.74925;0.10035000000000005;1000;256;256;8.79786E-02;0.0;2.217E+02;3.20911E-04;0.0;3.02315E-04;0.0;2
c_tasks.bmp;-0.7489;0.1007;-0.74925;0.10035000000000005;1000;256;256;8.73873E-02;38160.391441912645;2.217E+02;1.78099E-04;0.0;1.79052E-04;0.0;2
c_schedule_static.bmp;-0.7489;0.1007;-0.74925;0.10035000000000005;1000;256;256;8.54323E-02;38160.391441912645;2.217E+02;1.64270E-04;0.0;1.80244E-04;0.0;2
c_schedule_dynamic.bmp;-0.7489;0.1007;-0.74925;0.10035000000000005;1000;256;256;6.87809E-02;38160.391441912645;2.217E+02;3.58629E-03;0.0;3.64208E-03;0.0;2
c_media_atomic.bmp;-0.7489;0.1007;-0.74925;0.10035000000000005;1000;256;256;6.81551E-02;38160.391441912645;2.217E+02;6.89888E-03;0.0;3.67904E-03;0.0;2
c_collapse.bmp;-0.7489;0.1007;-0.74925;0.10035000000000005;1000;256;256;8.22396E-02;38160.391441912645;2.217E+02;5.24616E-03;0.0;3.64876E-03;0.0;2
prof.bmp;-0.7489;0.1007;-0.74925;0.10035000000000005;1000;512;512;2.93270E-01;0.0;2.219E+02;5.12362E-04;0.0;6.20604E-04;0.0;2
c_tasks.bmp;-0.7489;0.1007;-0.74925;0.10035000000000005;1000;512;512;2.67964E-01;76406.6559142592;2.219E+02;2.66671E-03;0.0;4.50373E-03;0.0;2
c_schedule_static.bmp;-0.7489;0.1007;-0.74925;0.10035000000000005;1000;512;512;3.00812E-01;76406.6559142592;2.219E+02;2.80356E-03;0.0;5.00727E-03;0.0;2
c_schedule_dynamic.bmp;-0.7489;0.1007;-0.74925;0.10035000000000005;1000;512;512;2.67018E-01;76406.6559142592;2.219E+02;2.92897E-03;0.0;4.51517E-03;0.0;2
c_media_atomic.bmp;-0.7489;0.1007;-0.74925;0.10035000000000005;1000;512;512;2.49025E-01;76406.6559142592;2.219E+02;6.40845E-03;0.0;4.49371E-03;0.0;2
c_collapse.bmp;-0.7489;0.1007;-0.74925;0.10035000000000005;1000;512;512;2.71753E-01;76406.6559142592;2.219E+02;6.56152E-03;0.0;4.49204E-03;0.0;2
prof.bmp;-0.7489;0.1007;-0.74925;0.10035000000000005;1000;1024;1024;1.13882E+00;0.0;2.220E+02;2.76375E-03;0.0;3.28302E-03;0.0;2
c_tasks.bmp;-0.7489;0.1007;-0.74925;0.10035000000000005;1000;1024;1024;1.08934E+00;152849.8974288174;2.220E+02;1.72186E-03;0.0;2.36893E-03;0.0;2
c_schedule_static.bmp;-0.7489;0.1007;-0.74925;0.10035000000000005;1000;1024;1024;1.08571E+00;152849.8974288174;2.220E+02;1.73712E-03;0.0;2.35438E-03;0.0;2
c_schedule_dynamic.bmp;-0.7489;0.1007;-0.74925;0.10035000000000005;1000;1024;1024;9.32215E-01;152849.8974288174;2.220E+02;1.72520E-03;0.0;2.33364E-03;0.0;2
c_media_atomic.bmp;-0.7489;0.1007;-0.74925;0.10035000000000005;1000;1024;1024;9.48931E-01;152849.8974288174;2.220E+02;1.71494E-03;0.0;2.37036E-03;0.0;2
c_collapse.bmp;-0.7489;0.1007;-0.74925;0.10035000000000005;1000;1024;1024;9.68526E-01;152849.8974288174;2.220E+02;1.73092E-03;0.0;2.37751E-03;0.0;2
prof.bmp;-0.7489;0.1007;-0.74925;0.10035000000000005;1000;2048;2048;4.54968E+00;0.0;2.220E+02;7.90215E-03;0.0;9.38869E-03;0.0;2
c_tasks.bmp;-0.7489;0.1007;-0.74925;0.10035000000000005;1000;2048;2048;4.30519E+00;305806.3442899771;2.220E+02;6.61016E-03;0.0;1.26989E-02;0.0;2
c_schedule_static.bmp;-0.7489;0.1007;-0.74925;0.10035000000000005;1000;2048;2048;4.24375E+00;305806.3442899771;2.220E+02;6.61969E-03;0.0;1.28312E-02;0.0;2
c_schedule_dynamic.bmp;-0.7489;0.1007;-0.74925;0.10035000000000005;1000;2048;2048;3.67449E+00;305806.3442899771;2.220E+02;6.57916E-03;0.0;9.09066E-03;0.0;2
c_media_atomic.bmp;-0.7489;0.1007;-0.74925;0.10035000000000005;1000;2048;2048;3.67277E+00;305806.3442899771;2.220E+02;6.58822E-03;0.0;1.27003E-02;0.0;2
c_collapse.bmp;-0.7489;0.1007;-0.74925;0.10035000000000005;1000;2048;2048;3.81076E+00;305806.3442899771;2.220E+02;6.57582E-03;0.0;8.97694E-03;0.0;2
prof.bmp;-0.7489;0.1007;-0.74925;0.10035000000000005;1000;4096;4096;1.81867E+01;0.0;2.220E+02;4.59502E-02;0.0;4.32155E-02;0.0;2
c_tasks.bmp;-0.7489;0.1007;-0.74925;0.10035000000000005;1000;4096;4096;1.72182E+01;611399.0007899915;2.220E+02;4.40507E-02;0.0;4.60815E-02;0.0;2
c_schedule_static.bmp;-0.7489;0.1007;-0.74925;0.10035000000000005;1000;4096;4096;1.69548E+01;611399.0007899915;2.220E+02;4.20492E-02;0.0;4.44040E-02;0.0;2
c_schedule_dynamic.bmp;-0.7489;0.1007;-0.74925;0.10035000000000005;1000;4096;4096;1.47042E+01;611399.0007899915;2.220E+02;4.19555E-02;0.0;4.46434E-02;0.0;2
c_media_atomic.bmp;-0.7489;0.1007;-0.74925;0.10035000000000005;1000;4096;4096;1.47062E+01;611399.0007899915;2.220E+02;4.41446E-02;0.0;4.59116E-02;0.0;2
c_collapse.bmp;-0.7489;0.1007;-0.74925;0.10035000000000005;1000;4096;4096;1.52612E+01;611399.0007899915;2.220E+02;4.21393E-02;0.0;4.44853E-02;0.0;2
prof.bmp;-0.7489;0.1007;-0.74925;0.10035000000000005;1000;8192;8192;7.25703E+01;0.0;2.219E+02;1.41111E-01;0.0;1.21601E-01;0.0;2
c_tasks.bmp;-0.7489;0.1007;-0.74925;0.10035000000000005;1000;8192;8192;6.87562E+01;1222560.21967836;2.219E+02;1.36360E-01;0.0;1.30812E-01;0.0;2
c_schedule_static.bmp;-0.7489;0.1007;-0.74925;0.10035000000000005;1000;8192;8192;6.78324E+01;1222560.21967836;2.219E+02;1.35974E-01;0.0;1.30587E-01;0.0;2
c_schedule_dynamic.bmp;-0.7489;0.1007;-0.74925;0.10035000000000005;1000;8192;8192;5.87161E+01;1222560.21967836;2.219E+02;1.35977E-01;0.0;1.30731E-01;0.0;2
c_media_atomic.bmp;-0.7489;0.1007;-0.74925;0.10035000000000005;1000;8192;8192;5.87178E+01;1222560.21967836;2.219E+02;1.36607E-01;0.0;1.30541E-01;0.0;2
c_collapse.bmp;-0.7489;0.1007;-0.74925;0.10035000000000005;1000;8192;8192;6.09296E+01;1222560.21967836;2.219E+02;1.36180E-01;0.0;1.30660E-01;0.0;2
out_file;xmin;ymin;xmax;ymax;maxiter;xres;yres;run_time;err;mean;mean_time;mean_err;bin_time;bin_err;n_threads
prof.bmp;-0.7489;0.1007;-0.74925;0.10035000000000005;1000;256;256;1.42751E-01;0.0;2.217E+02;3.63350E-04;0.0;4.67062E-04;0.0;1
python.bmp;-0.7489;0.1007;-0.74925;0.10035000000000005;1000;256;256;7.83720E+00;38160.391441912645;2.217E+02;3.43084E-04;0.0;4.50134E-04;0.0;1
c_tasks.bmp;-0.7489;0.1007;-0.74925;0.10035000000000005;1000;256;256;1.31639E-01;38160.391441912645;2.217E+02;4.97580E-04;0.0;6.27518E-04;0.0;1
prof.bmp;-0.7489;0.1007;-0.74925;0.10035000000000005;1000;512;512;5.21599E-01;0.0;2.219E+02;1.15609E-03;0.0;1.55425E-03;0.0;1
python.bmp;-0.7489;0.1007;-0.74925;0.10035000000000005;1000;512;512;3.12947E+01;76406.6559142592;2.219E+02;1.11270E-03;0.0;1.53089E-03;0.0;1
c_tasks.bmp;-0.7489;0.1007;-0.74925;0.10035000000000005;1000;512;512;4.81974E-01;76406.6559142592;2.219E+02;1.04570E-03;0.0;1.43147E-03;0.0;1
prof.bmp;-0.7489;0.1007;-0.74925;0.10035000000000005;1000;1024;1024;2.00484E+00;0.0;2.220E+02;5.82719E-03;0.0;7.44891E-03;0.0;1
python.bmp;-0.7489;0.1007;-0.74925;0.10035000000000005;1000;1024;1024;1.25194E+02;152849.8974288174;2.220E+02;4.79007E-03;0.0;6.54626E-03;0.0;1
c_tasks.bmp;-0.7489;0.1007;-0.74925;0.10035000000000005;1000;1024;1024;1.91599E+00;152849.8974288174;2.220E+02;5.55444E-03;0.0;7.38549E-03;0.0;1
prof.bmp;-0.7489;0.1007;-0.74925;0.10035000000000005;1000;2048;2048;7.98740E+00;0.0;2.220E+02;1.76816E-02;0.0;2.03824E-02;0.0;1
python.bmp;-0.7489;0.1007;-0.74925;0.10035000000000005;1000;2048;2048;5.00629E+02;305806.3442899771;2.220E+02;1.47128E-02;0.0;1.89388E-02;0.0;1
c_tasks.bmp;-0.7489;0.1007;-0.74925;0.10035000000000005;1000;2048;2048;7.52051E+00;305806.3442899771;2.220E+02;2.35274E-02;0.0;2.73535E-02;0.0;1
prof.bmp;-0.7489;0.1007;-0.74925;0.10035000000000005;1000;4096;4096;3.19093E+01;0.0;2.220E+02;8.25639E-02;0.0;7.10156E-02;0.0;1
c_tasks.bmp;-0.7489;0.1007;-0.74925;0.10035000000000005;1000;4096;4096;3.00713E+01;611399.0007899915;2.220E+02;7.93245E-02;0.0;7.38444E-02;0.0;1
prof.bmp;-0.7489;0.1007;-0.74925;0.10035000000000005;1000;8192;8192;1.27702E+02;0.0;2.219E+02;2.47355E-01;0.0;2.40988E-01;0.0;1
c_tasks.bmp;-0.7489;0.1007;-0.74925;0.10035000000000005;1000;8192;8192;1.20314E+02;1222560.21967836;2.219E+02;2.37499E-01;0.0;2.52520E-01;0.0;1
