out_file;xmin;ymin;xmax;ymax;maxiter;xres;yres;run_time;err;mean;mean_time;mean_err;bin_time;bin_err;n_threads
prof.bmp;-0.7489;0.1007;-0.74925;0.10035000000000005;1000;256;256;2.36513E-01;0.0;2.217E+02;2.29120E-04;0.0;1.01089E-04;0.0;8
c_tasks.bmp;-0.7489;0.1007;-0.74925;0.10035000000000005;1000;256;256;2.32955E-01;38160.391441912645;2.217E+02;1.23978E-04;0.0;1.13964E-04;0.0;8
c_schedule_static.bmp;-0.7489;0.1007;-0.74925;0.10035000000000005;1000;256;256;3.20530E-02;38160.391441912645;2.217E+02;3.41797E-03;0.0;3.44539E-03;0.0;8
c_schedule_dynamic.bmp;-0.7489;0.1007;-0.74925;0.10035000000000005;1000;256;256;3.06792E-02;38160.391441912645;2.217E+02;6.71220E-03;0.0;6.78658E-03;0.0;8
c_media_atomic.bmp;-0.7489;0.1007;-0.74925;0.10035000000000005;1000;256;256;4.01971E-02;38160.391441912645;2.217E+02;9.99880E-03;0.0;6.77085E-03;0.0;8
c_collapse.bmp;-0.7489;0.1007;-0.74925;0.10035000000000005;1000;256;256;4.34284E-02;38160.391441912645;2.217E+02;1.00777E-02;0.0;6.77061E-03;0.0;8
prof.bmp;-0.7489;0.1007;-0.74925;0.10035000000000005;1000;512;512;8.86787E-01;0.0;2.219E+02;4.03166E-04;0.0;2.90155E-04;0.0;8
c_tasks.bmp;-0.7489;0.1007;-0.74925;0.10035000000000005;1000;512;512;9.88181E-01;76406.6559142592;2.219E+02;2.12407E-03;0.0;3.78084E-03;0.0;8
c_schedule_static.bmp;-0.7489;0.1007;-0.74925;0.10035000000000005;1000;512;512;1.81594E-01;76406.6559142592;2.219E+02;3.93200E-03;0.0;9.21535E-03;0.0;8
c_schedule_dynamic.bmp;-0.7489;0.1007;-0.74925;0.10035000000000005;1000;512;512;1.28999E-01;76406.6559142592;2.219E+02;5.63169E-03;0.0;1.45247E-02;0.0;8
c_media_atomic.bmp;-0.7489;0.1007;-0.74925;0.10035000000000005;1000;512;512;1.34886E-01;76406.6559142592;2.219E+02;1.41394E-02;0.0;1.11542E-02;0.0;8
c_collapse.bmp;-0.7489;0.1007;-0.74925;0.10035000000000005;1000;512;512;1.31087E-01;76406.6559142592;2.219E+02;2.20582E-02;0.0;1.44050E-02;0.0;8
prof.bmp;-0.7489;0.1007;-0.74925;0.10035000000000005;1000;1024;1024;4.01144E+00;0.0;2.220E+02;1.40166E-03;0.0;1.01304E-03;0.0;8
c_tasks.bmp;-0.7489;0.1007;-0.74925;0.10035000000000005;1000;1024;1024;3.92872E+00;152849.8974288174;2.220E+02;1.07813E-03;0.0;1.18542E-03;0.0;8
c_schedule_static.bmp;-0.7489;0.1007;-0.74925;0.10035000000000005;1000;1024;1024;4.18613E-01;152849.8974288174;2.220E+02;4.58002E-03;0.0;3.63326E-03;0.0;8
c_schedule_dynamic.bmp;-0.7489;0.1007;-0.74925;0.10035000000000005;1000;1024;1024;3.23023E-01;152849.8974288174;2.220E+02;8.28266E-04;0.0;1.07551E-03;0.0;8
c_media_atomic.bmp;-0.7489;0.1007;-0.74925;0.10035000000000005;1000;1024;1024;3.22113E-01;152849.8974288174;2.220E+02;8.97646E-04;0.0;1.16825E-03;0.0;8
c_collapse.bmp;-0.7489;0.1007;-0.74925;0.10035000000000005;1000;1024;1024;3.71854E-01;152849.8974288174;2.220E+02;8.38757E-04;0.0;1.06883E-03;0.0;8
prof.bmp;-0.7489;0.1007;-0.74925;0.10035000000000005;1000;2048;2048;1.54987E+01;0.0;2.220E+02;4.88901E-03;0.0;3.92175E-03;0.0;8
c_tasks.bmp;-0.7489;0.1007;-0.74925;0.10035000000000005;1000;2048;2048;1.55005E+01;305806.3442899771;2.220E+02;7.14684E-03;0.0;6.64377E-03;0.0;8
c_schedule_static.bmp;-0.7489;0.1007;-0.74925;0.10035000000000005;1000;2048;2048;1.75921E+00;305806.3442899771;2.220E+02;8.11744E-03;0.0;5.86820E-03;0.0;8
c_schedule_dynamic.bmp;-0.7489;0.1007;-0.74925;0.10035000000000005;1000;2048;2048;1.29435E+00;305806.3442899771;2.220E+02;4.99249E-03;0.0;6.28495E-03;0.0;8
c_media_atomic.bmp;-0.7489;0.1007;-0.74925;0.10035000000000005;1000;2048;2048;1.29199E+00;305806.3442899771;2.220E+02;1.11227E-02;0.0;5.98240E-03;0.0;8
c_collapse.bmp;-0.7489;0.1007;-0.74925;0.10035000000000005;1000;2048;2048;1.50196E+00;305806.3442899771;2.220E+02;4.98247E-03;0.0;6.18958E-03;0.0;8
prof.bmp;-0.7489;0.1007;-0.74925;0.10035000000000005;1000;4096;4096;5.73614E+01;0.0;2.220E+02;1.37284E-02;0.0;2.31378E-02;0.0;8
c_tasks.bmp;-0.7489;0.1007;-0.74925;0.10035000000000005;1000;4096;4096;5.84981E+01;611399.0007899915;2.220E+02;1.86923E-02;0.0;3.90794E-02;0.0;8
c_schedule_static.bmp;-0.7489;0.1007;-0.74925;0.10035000000000005;1000;4096;4096;6.99997E+00;611399.0007899915;2.220E+02;1.84937E-02;0.0;3.90749E-02;0.0;8
c_schedule_dynamic.bmp;-0.7489;0.1007;-0.74925;0.10035000000000005;1000;4096;4096;5.15982E+00;611399.0007899915;2.220E+02;1.90740E-02;0.0;3.87571E-02;0.0;8
c_media_atomic.bmp;-0.7489;0.1007;-0.74925;0.10035000000000005;1000;4096;4096;5.16177E+00;611399.0007899915;2.220E+02;1.90327E-02;0.0;3.87268E-02;0.0;8
c_collapse.bmp;-0.7489;0.1007;-0.74925;0.10035000000000005;1000;4096;4096;6.02006E+00;611399.0007899915;2.220E+02;1.85919E-02;0.0;3.89366E-02;0.0;8
prof.bmp;-0.7489;0.1007;-0.74925;0.10035000000000005;1000;8192;8192;2.37414E+02;0.0;2.219E+02;5.76975E-02;0.0;1.07745E-01;0.0;8
c_tasks.bmp;-0.7489;0.1007;-0.74925;0.10035000000000005;1000;8192;8192;2.27643E+02;1222560.21967836;2.219E+02;5.48000E-02;0.0;9.47223E-02;0.0;8
c_schedule_static.bmp;-0.7489;0.1007;-0.74925;0.10035000000000005;1000;8192;8192;2.78267E+01;1222560.21967836;2.219E+02;7.00152E-02;0.0;1.41682E-01;0.0;8
c_schedule_dynamic.bmp;-0.7489;0.1007;-0.74925;0.10035000000000005;1000;8192;8192;2.07235E+01;1222560.21967836;2.219E+02;5.92463E-02;0.0;1.20010E-01;0.0;8
c_media_atomic.bmp;-0.7489;0.1007;-0.74925;0.10035000000000005;1000;8192;8192;2.07341E+01;1222560.21967836;2.219E+02;5.24971E-02;0.0;1.02291E-01;0.0;8
c_collapse.bmp;-0.7489;0.1007;-0.74925;0.10035000000000005;1000;8192;8192;2.40987E+01;1222560.21967836;2.219E+02;5.18477E-02;0.0;1.00411E-01;0.0;8
out_file;xmin;ymin;xmax;ymax;maxiter;xres;yres;run_time;err;mean;mean_time;mean_err;bin_time;bin_err;n_threads
prof.bmp;-0.7489;0.1007;-0.74925;0.10035000000000005;1000;256;256;1.80318E-01;0.0;2.217E+02;3.54528E-04;0.0;4.63724E-04;0.0;1
python.bmp;-0.7489;0.1007;-0.74925;0.10035000000000005;1000;256;256;1.13712E+01;38160.391441912645;2.217E+02;4.73261E-04;0.0;5.22852E-04;0.0;1
c_tasks.bmp;-0.7489;0.1007;-0.74925;0.10035000000000005;1000;256;256;1.69061E-01;38160.391441912645;2.217E+02;3.45945E-04;0.0;5.28097E-04;0.0;1
prof.bmp;-0.7489;0.1007;-0.74925;0.10035000000000005;1000;512;512;6.49125E-01;0.0;2.219E+02;1.36757E-03;0.0;1.66321E-03;0.0;1
python.bmp;-0.7489;0.1007;-0.74925;0.10035000000000005;1000;512;512;4.53613E+01;76406.6559142592;2.219E+02;1.84584E-03;0.0;2.83265E-03;0.0;1
c_tasks.bmp;-0.7489;0.1007;-0.74925;0.10035000000000005;1000;512;512;1.01651E+00;76406.6559142592;2.219E+02;1.73402E-03;0.0;2.80881E-03;0.0;1
prof.bmp;-0.7489;0.1007;-0.74925;0.10035000000000005;1000;1024;1024;3.89966E+00;0.0;2.220E+02;7.00974E-03;0.0;9.42135E-03;0.0;1
python.bmp;-0.7489;0.1007;-0.74925;0.10035000000000005;1000;1024;1024;2.73208E+02;152849.8974288174;2.220E+02;6.94180E-03;0.0;1.05438E-02;0.0;1
c_tasks.bmp;-0.7489;0.1007;-0.74925;0.10035000000000005;1000;1024;1024;4.05860E+00;152849.8974288174;2.220E+02;6.80780E-03;0.0;1.05546E-02;0.0;1
prof.bmp;-0.7489;0.1007;-0.74925;0.10035000000000005;1000;2048;2048;1.55936E+01;0.0;2.220E+02;2.77865E-02;0.0;3.56953E-02;0.0;1
python.bmp;-0.7489;0.1007;-0.74925;0.10035000000000005;1000;2048;2048;1.09381E+03;305806.3442899771;2.220E+02;2.73838E-02;0.0;4.10049E-02;0.0;1
c_tasks.bmp;-0.7489;0.1007;-0.74925;0.10035000000000005;1000;2048;2048;1.64374E+01;305806.3442899771;2.220E+02;2.73583E-02;0.0;4.11363E-02;0.0;1
prof.bmp;-0.7489;0.1007;-0.74925;0.10035000000000005;1000;4096;4096;6.23609E+01;0.0;2.220E+02;1.10463E-01;0.0;1.36640E-01;0.0;1
c_tasks.bmp;-0.7489;0.1007;-0.74925;0.10035000000000005;1000;4096;4096;6.57349E+01;611399.0007899915;2.220E+02;1.08765E-01;0.0;1.58648E-01;0.0;1
prof.bmp;-0.7489;0.1007;-0.74925;0.10035000000000005;1000;8192;8192;2.49431E+02;0.0;2.219E+02;4.41322E-01;0.0;5.27587E-01;0.0;1
c_tasks.bmp;-0.7489;0.1007;-0.74925;0.10035000000000005;1000;8192;8192;2.62957E+02;1222560.21967836;2.219E+02;3.13799E-01;0.0;4.13838E-01;0.0;1
