out_file;xmin;ymin;xmax;ymax;maxiter;xres;yres;run_time;err;mean;mean_time;mean_err;bin_time;bin_err;n_threads
prof.bmp;-0.7489;0.1007;-0.74925;0.10035000000000005;1000;256;256;2.59418E-01;0.0;2.217E+02;2.17199E-04;0.0;9.79900E-05;0.0;8
c_tasks.bmp;-0.7489;0.1007;-0.74925;0.10035000000000005;1000;256;256;2.34513E-01;38160.391441912645;2.217E+02;1.20878E-04;0.0;9.82285E-05;0.0;8
c_schedule_static.bmp;-0.7489;0.1007;-0.74925;0.10035000000000005;1000;256;256;3.32584E-02;38160.391441912645;2.217E+02;1.77956E-03;0.0;3.44110E-03;0.0;8
c_schedule_dynamic.bmp;-0.7489;0.1007;-0.74925;0.10035000000000005;1000;256;256;2.49503E-02;38160.391441912645;2.217E+02;8.47554E-03;0.0;1.69303E-02;0.0;8
c_media_atomic.bmp;-0.7489;0.1007;-0.74925;0.10035000000000005;1000;256;256;4.83332E-02;38160.391441912645;2.217E+02;1.82037E-02;0.0;6.85215E-03;0.0;8
c_collapse.bmp;-0.7489;0.1007;-0.74925;0.10035000000000005;1000;256;256;4.17829E-02;38160.391441912645;2.217E+02;1.66318E-02;0.0;1.00255E-02;0.0;8
prof.bmp;-0.7489;0.1007;-0.74925;0.10035000000000005;1000;512;512;1.03530E+00;0.0;2.219E+02;1.01638E-03;0.0;2.95877E-04;0.0;8
c_tasks.bmp;-0.7489;0.1007;-0.74925;0.10035000000000005;1000;512;512;9.47084E-01;76406.6559142592;2.219E+02;3.33071E-03;0.0;4.13513E-03;0.0;8
c_schedule_static.bmp;-0.7489;0.1007;-0.74925;0.10035000000000005;1000;512;512;1.42661E-01;76406.6559142592;2.219E+02;1.44277E-02;0.0;1.66011E-02;0.0;8
c_schedule_dynamic.bmp;-0.7489;0.1007;-0.74925;0.10035000000000005;1000;512;512;1.40164E-01;76406.6559142592;2.219E+02;2.14839E-03;0.0;7.42316E-03;0.0;8
c_media_atomic.bmp;-0.7489;0.1007;-0.74925;0.10035000000000005;1000;512;512;1.19635E-01;76406.6559142592;2.219E+02;1.38083E-02;0.0;1.10998E-02;0.0;8
c_collapse.bmp;-0.7489;0.1007;-0.74925;0.10035000000000005;1000;512;512;1.39520E-01;76406.6559142592;2.219E+02;1.53491E-02;0.0;5.70869E-03;0.0;8
prof.bmp;-0.7489;0.1007;-0.74925;0.10035000000000005;1000;1024;1024;3.60867E+00;0.0;2.220E+02;1.78242E-03;0.0;9.96590E-04;0.0;8
c_tasks.bmp;-0.7489;0.1007;-0.74925;0.10035000000000005;1000;1024;1024;3.77069E+00;152849.8974288174;2.220E+02;3.05247E-03;0.0;1.61433E-03;0.0;8
c_schedule_static.bmp;-0.7489;0.1007;-0.74925;0.10035000000000005;1000;1024;1024;4.18230E-01;152849.8974288174;2.220E+02;8.57592E-04;0.0;1.14608E-03;0.0;8
c_schedule_dynamic.bmp;-0.7489;0.1007;-0.74925;0.10035000000000005;1000;1024;1024;3.24185E-01;152849.8974288174;2.220E+02;7.29084E-04;0.0;1.16348E-03;0.0;8
c_media_atomic.bmp;-0.7489;0.1007;-0.74925;0.10035000000000005;1000;1024;1024;3.25329E-01;152849.8974288174;2.220E+02;8.42571E-04;0.0;1.14799E-03;0.0;8
c_collapse.bmp;-0.7489;0.1007;-0.74925;0.10035000000000005;1000;1024;1024;3.71977E-01;152849.8974288174;2.220E+02;6.86097E-03;0.0;2.32792E-03;0.0;8
prof.bmp;-0.7489;0.1007;-0.74925;0.10035000000000005;1000;2048;2048;1.46966E+01;0.0;2.220E+02;4.46606E-03;0.0;5.20706E-03;0.0;8
c_tasks.bmp;-0.7489;0.1007;-0.74925;0.10035000000000005;1000;2048;2048;1.48131E+01;305806.3442899771;2.220E+02;7.28583E-03;0.0;7.79438E-03;0.0;8
c_schedule_static.bmp;-0.7489;0.1007;-0.74925;0.10035000000000005;1000;2048;2048;1.68068E+00;305806.3442899771;2.220E+02;6.33836E-03;0.0;8.40092E-03;0.0;8
c_schedule_dynamic.bmp;-0.7489;0.1007;-0.74925;0.10035000000000005;1000;2048;2048;1.29586E+00;305806.3442899771;2.220E+02;6.36840E-03;0.0;8.40926E-03;0.0;8
c_media_atomic.bmp;-0.7489;0.1007;-0.74925;0.10035000000000005;1000;2048;2048;1.29491E+00;305806.3442899771;2.220E+02;6.39272E-03;0.0;8.38256E-03;0.0;8
c_collapse.bmp;-0.7489;0.1007;-0.74925;0.10035000000000005;1000;2048;2048;1.50289E+00;305806.3442899771;2.220E+02;6.42705E-03;0.0;8.04138E-03;0.0;8
prof.bmp;-0.7489;0.1007;-0.74925;0.10035000000000005;1000;4096;4096;6.02187E+01;0.0;2.220E+02;1.62454E-02;0.0;2.83465E-02;0.0;8
c_tasks.bmp;-0.7489;0.1007;-0.74925;0.10035000000000005;1000;4096;4096;5.96189E+01;611399.0007899915;2.220E+02;1.80080E-02;0.0;3.53584E-02;0.0;8
c_schedule_static.bmp;-0.7489;0.1007;-0.74925;0.10035000000000005;1000;4096;4096;6.83241E+00;611399.0007899915;2.220E+02;1.74193E-02;0.0;3.52898E-02;0.0;8
c_schedule_dynamic.bmp;-0.7489;0.1007;-0.74925;0.10035000000000005;1000;4096;4096;5.20206E+00;611399.0007899915;2.220E+02;1.78313E-02;0.0;3.61733E-02;0.0;8
c_media_atomic.bmp;-0.7489;0.1007;-0.74925;0.10035000000000005;1000;4096;4096;5.20194E+00;611399.0007899915;2.220E+02;1.77493E-02;0.0;3.56305E-02;0.0;8
c_collapse.bmp;-0.7489;0.1007;-0.74925;0.10035000000000005;1000;4096;4096;6.00451E+00;611399.0007899915;2.220E+02;2.48454E-02;0.0;3.64900E-02;0.0;8
prof.bmp;-0.7489;0.1007;-0.74925;0.10035000000000005;1000;8192;8192;2.50985E+02;0.0;2.219E+02;1.01859E-01;0.0;2.31518E-01;0.0;8
c_tasks.bmp;-0.7489;0.1007;-0.74925;0.10035000000000005;1000;8192;8192;2.34947E+02;1222560.21967836;2.219E+02;6.51264E-02;0.0;1.38553E-01;0.0;8
c_schedule_static.bmp;-0.7489;0.1007;-0.74925;0.10035000000000005;1000;8192;8192;2.82751E+01;1222560.21967836;2.219E+02;1.02065E-01;0.0;2.18950E-01;0.0;8
c_schedule_dynamic.bmp;-0.7489;0.1007;-0.74925;0.10035000000000005;1000;8192;8192;2.08441E+01;1222560.21967836;2.219E+02;9.34682E-02;0.0;2.16897E-01;0.0;8
c_media_atomic.bmp;-0.7489;0.1007;-0.74925;0.10035000000000005;1000;8192;8192;2.08362E+01;1222560.21967836;2.219E+02;8.96509E-02;0.0;2.06274E-01;0.0;8
c_collapse.bmp;-0.7489;0.1007;-0.74925;0.10035000000000005;1000;8192;8192;2.40005E+01;1222560.21967836;2.219E+02;8.97591E-02;0.0;2.07205E-01;0.0;8
out_file;xmin;ymin;xmax;ymax;maxiter;xres;yres;run_time;err;mean;mean_time;mean_err;bin_time;bin_err;n_threads
prof.bmp;-0.7489;0.1007;-0.74925;0.10035000000000005;1000;256;256;1.81015E-01;0.0;2.217E+02;3.48806E-04;0.0;4.80175E-04;0.0;1
python.bmp;-0.7489;0.1007;-0.74925;0.10035000000000005;1000;256;256;1.13315E+01;38160.391441912645;2.217E+02;4.50373E-04;0.0;5.21183E-04;0.0;1
c_tasks.bmp;-0.7489;0.1007;-0.74925;0.10035000000000005;1000;256;256;1.68877E-01;38160.391441912645;2.217E+02;3.41415E-04;0.0;5.27143E-04;0.0;1
prof.bmp;-0.7489;0.1007;-0.74925;0.10035000000000005;1000;512;512;6.52371E-01;0.0;2.219E+02;1.41311E-03;0.0;1.66297E-03;0.0;1
python.bmp;-0.7489;0.1007;-0.74925;0.10035000000000005;1000;512;512;4.52319E+01;76406.6559142592;2.219E+02;1.46842E-03;0.0;1.99151E-03;0.0;1
c_tasks.bmp;-0.7489;0.1007;-0.74925;0.10035000000000005;1000;512;512;6.81434E-01;76406.6559142592;2.219E+02;1.34850E-03;0.0;1.87826E-03;0.0;1
prof.bmp;-0.7489;0.1007;-0.74925;0.10035000000000005;1000;1024;1024;2.59679E+00;0.0;2.220E+02;4.79221E-03;0.0;6.31523E-03;0.0;1
python.bmp;-0.7489;0.1007;-0.74925;0.10035000000000005;1000;1024;1024;1.81079E+02;152849.8974288174;2.220E+02;4.71449E-03;0.0;7.03001E-03;0.0;1
c_tasks.bmp;-0.7489;0.1007;-0.74925;0.10035000000000005;1000;1024;1024;2.70896E+00;152849.8974288174;2.220E+02;4.61936E-03;0.0;7.01237E-03;0.0;1
prof.bmp;-0.7489;0.1007;-0.74925;0.10035000000000005;1000;2048;2048;1.03877E+01;0.0;2.220E+02;1.88961E-02;0.0;2.40564E-02;0.0;1
python.bmp;-0.7489;0.1007;-0.74925;0.10035000000000005;1000;2048;2048;7.24167E+02;305806.3442899771;2.220E+02;1.85659E-02;0.0;2.76530E-02;0.0;1
c_tasks.bmp;-0.7489;0.1007;-0.74925;0.10035000000000005;1000;2048;2048;1.10403E+01;305806.3442899771;2.220E+02;1.85421E-02;0.0;2.75722E-02;0.0;1
prof.bmp;-0.7489;0.1007;-0.74925;0.10035000000000005;1000;4096;4096;4.15461E+01;0.0;2.220E+02;1.09303E-01;0.0;1.36591E-01;0.0;1
c_tasks.bmp;-0.7489;0.1007;-0.74925;0.10035000000000005;1000;4096;4096;6.57330E+01;611399.0007899915;2.220E+02;1.08764E-01;0.0;1.58382E-01;0.0;1
prof.bmp;-0.7489;0.1007;-0.74925;0.10035000000000005;1000;8192;8192;2.49429E+02;0.0;2.219E+02;3.11656E-01;0.0;3.56256E-01;0.0;1
c_tasks.bmp;-0.7489;0.1007;-0.74925;0.10035000000000005;1000;8192;8192;2.63578E+02;1222560.21967836;2.219E+02;3.14191E-01;0.0;4.14029E-01;0.0;1
