out_file;xmin;ymin;xmax;ymax;maxiter;xres;yres;run_time;err;mean;mean_time;mean_err;bin_time;bin_err;n_threads
prof.bmp;-0.7489;0.1007;-0.74925;0.10035000000000005;1000;256;256;2.71374E-01;0.0;2.217E+02;4.13895E-04;0.0;1.01089E-04;0.0;8
python.bmp;-0.7489;0.1007;-0.74925;0.10035000000000005;1000;256;256;1.13306E+01;38160.391441912645;2.217E+02;2.97308E-04;0.0;1.20878E-04;0.0;8
c_tasks.bmp;-0.7489;0.1007;-0.74925;0.10035000000000005;1000;256;256;1.71929E-01;38160.391441912645;2.217E+02;1.79529E-04;0.0;9.84669E-05;0.0;8
c_schedule_static.bmp;-0.7489;0.1007;-0.74925;0.10035000000000005;1000;256;256;3.21600E-02;38160.391441912645;2.217E+02;3.44419E-03;0.0;6.77752E-03;0.0;8
c_schedule_dynamic.bmp;-0.7489;0.1007;-0.74925;0.10035000000000005;1000;256;256;4.00033E-02;38160.391441912645;2.217E+02;6.55150E-03;0.0;3.02196E-03;0.0;8
c_media_atomic.bmp;-0.7489;0.1007;-0.74925;0.10035000000000005;1000;256;256;3.03006E-02;38160.391441912645;2.217E+02;9.99498E-03;0.0;1.00446E-02;0.0;8
prof.bmp;-0.7489;0.1007;-0.74925;0.10035000000000005;1000;512;512;1.08466E+00;0.0;2.219E+02;3.85046E-04;0.0;2.88248E-04;0.0;8
python.bmp;-0.7489;0.1007;-0.74925;0.10035000000000005;1000;512;512;4.52037E+01;76406.6559142592;2.219E+02;6.85453E-04;0.0;3.85523E-04;0.0;8
c_tasks.bmp;-0.7489;0.1007;-0.74925;0.10035000000000005;1000;512;512;6.84308E-01;76406.6559142592;2.219E+02;2.44522E-03;0.0;4.44770E-03;0.0;8
c_schedule_static.bmp;-0.7489;0.1007;-0.74925;0.10035000000000005;1000;512;512;1.67689E-01;76406.6559142592;2.219E+02;2.01411E-02;0.0;2.15623E-02;0.0;8
c_schedule_dynamic.bmp;-0.7489;0.1007;-0.74925;0.10035000000000005;1000;512;512;1.58077E-01;76406.6559142592;2.219E+02;1.04249E-02;0.0;9.44877E-03;0.0;8
c_media_atomic.bmp;-0.7489;0.1007;-0.74925;0.10035000000000005;1000;512;512;1.38315E-01;76406.6559142592;2.219E+02;1.86706E-02;0.0;9.61661E-03;0.0;8
prof.bmp;-0.7489;0.1007;-0.74925;0.10035000000000005;1000;1024;1024;4.32913E+00;0.0;2.220E+02;1.28555E-03;0.0;1.05500E-03;0.0;8
python.bmp;-0.7489;0.1007;-0.74925;0.10035000000000005;1000;1024;1024;1.81374E+02;152849.8974288174;2.220E+02;1.24502E-03;0.0;1.54066E-03;0.0;8
c_tasks.bmp;-0.7489;0.1007;-0.74925;0.10035000000000005;1000;1024;1024;2.71489E+00;152849.8974288174;2.220E+02;1.02282E-03;0.0;1.26243E-03;0.0;8
c_schedule_static.bmp;-0.7489;0.1007;-0.74925;0.10035000000000005;1000;1024;1024;4.49151E-01;152849.8974288174;2.220E+02;8.53777E-04;0.0;1.27411E-03;0.0;8
c_schedule_dynamic.bmp;-0.7489;0.1007;-0.74925;0.10035000000000005;1000;1024;1024;3.52466E-01;152849.8974288174;2.220E+02;9.81569E-04;0.0;1.25313E-03;0.0;8
c_media_atomic.bmp;-0.7489;0.1007;-0.74925;0.10035000000000005;1000;1024;1024;3.44153E-01;152849.8974288174;2.220E+02;9.23634E-04;0.0;1.26719E-03;0.0;8
prof.bmp;-0.7489;0.1007;-0.74925;0.10035000000000005;1000;2048;2048;1.63895E+01;0.0;2.220E+02;7.71284E-03;0.0;8.43787E-03;0.0;8
python.bmp;-0.7489;0.1007;-0.74925;0.10035000000000005;1000;2048;2048;7.24069E+02;305806.3442899771;2.220E+02;7.81894E-03;0.0;8.67462E-03;0.0;8
c_tasks.bmp;-0.7489;0.1007;-0.74925;0.10035000000000005;1000;2048;2048;1.10718E+01;305806.3442899771;2.220E+02;7.35879E-03;0.0;8.25953E-03;0.0;8
c_schedule_static.bmp;-0.7489;0.1007;-0.74925;0.10035000000000005;1000;2048;2048;1.70322E+00;305806.3442899771;2.220E+02;1.21186E-02;0.0;9.99475E-03;0.0;8
c_schedule_dynamic.bmp;-0.7489;0.1007;-0.74925;0.10035000000000005;1000;2048;2048;1.30126E+00;305806.3442899771;2.220E+02;7.01952E-03;0.0;7.81822E-03;0.0;8
c_media_atomic.bmp;-0.7489;0.1007;-0.74925;0.10035000000000005;1000;2048;2048;1.30134E+00;305806.3442899771;2.220E+02;7.01642E-03;0.0;7.90238E-03;0.0;8
prof.bmp;-0.7489;0.1007;-0.74925;0.10035000000000005;1000;4096;4096;6.64907E+01;0.0;2.220E+02;2.65753E-02;0.0;5.35638E-02;0.0;8
c_tasks.bmp;-0.7489;0.1007;-0.74925;0.10035000000000005;1000;4096;4096;4.42567E+01;611399.0007899915;2.220E+02;2.53489E-02;0.0;5.40648E-02;0.0;8
c_schedule_static.bmp;-0.7489;0.1007;-0.74925;0.10035000000000005;1000;4096;4096;6.82751E+00;611399.0007899915;2.220E+02;2.23551E-02;0.0;3.74293E-02;0.0;8
c_schedule_dynamic.bmp;-0.7489;0.1007;-0.74925;0.10035000000000005;1000;4096;4096;5.21401E+00;611399.0007899915;2.220E+02;1.90964E-02;0.0;3.74360E-02;0.0;8
c_media_atomic.bmp;-0.7489;0.1007;-0.74925;0.10035000000000005;1000;4096;4096;5.20822E+00;611399.0007899915;2.220E+02;1.91026E-02;0.0;3.75896E-02;0.0;8
prof.bmp;-0.7489;0.1007;-0.74925;0.10035000000000005;1000;8192;8192;2.68624E+02;0.0;2.219E+02;7.22864E-02;0.0;1.59074E-01;0.0;8
c_tasks.bmp;-0.7489;0.1007;-0.74925;0.10035000000000005;1000;8192;8192;1.77756E+02;1222560.21967836;2.219E+02;1.00366E-01;0.0;2.27223E-01;0.0;8
c_schedule_static.bmp;-0.7489;0.1007;-0.74925;0.10035000000000005;1000;8192;8192;2.68425E+01;1222560.21967836;2.219E+02;9.99064E-02;0.0;2.28845E-01;0.0;8
c_schedule_dynamic.bmp;-0.7489;0.1007;-0.74925;0.10035000000000005;1000;8192;8192;2.08719E+01;1222560.21967836;2.219E+02;1.00185E-01;0.0;2.28347E-01;0.0;8
c_media_atomic.bmp;-0.7489;0.1007;-0.74925;0.10035000000000005;1000;8192;8192;2.08865E+01;1222560.21967836;2.219E+02;9.99308E-02;0.0;2.27908E-01;0.0;8
[91mUSO: main.py <xmin> <xmax> <ymin> <yres> <maxiter> <outputfile>
Ejemplo: -0.7489 -0.74925 0.1 1024 1000 out.bmp[0m
