out_file;xmin;ymin;xmax;ymax;maxiter;xres;yres;run_time;err;mean;mean_time;mean_err;bin_time;bin_err;n_threads
prof.bmp;-0.7489;0.1007;-0.74925;0.10035000000000005;1000;256;256;2.18720E-01;0.0;2.217E+02;2.30551E-04;0.0;9.84669E-05;0.0;8
python.bmp;-0.7489;0.1007;-0.74925;0.10035000000000005;1000;256;256;1.09808E+01;38160.391441912645;2.217E+02;2.77758E-04;0.0;1.21593E-04;0.0;8
c_tasks.bmp;-0.7489;0.1007;-0.74925;0.10035000000000005;1000;256;256;2.45789E-01;38160.391441912645;2.217E+02;3.44062E-03;0.0;1.82533E-03;0.0;8
c_schedule_static.bmp;-0.7489;0.1007;-0.74925;0.10035000000000005;1000;256;256;3.70848E-02;38160.391441912645;2.217E+02;5.76735E-03;0.0;6.75535E-03;0.0;8
c_schedule_dynamic.bmp;-0.7489;0.1007;-0.74925;0.10035000000000005;1000;256;256;4.11210E-02;38160.391441912645;2.217E+02;6.73628E-03;0.0;6.75726E-03;0.0;8
c_media_atomic.bmp;-0.7489;0.1007;-0.74925;0.10035000000000005;1000;256;256;3.52566E-02;38160.391441912645;2.217E+02;2.47562E-02;0.0;1.17633E-02;0.0;8
c_collapse.bmp;-0.7489;0.1007;-0.74925;0.10035000000000005;1000;256;256;6.00548E-02;38160.391441912645;2.217E+02;1.17826E-02;0.0;6.86765E-03;0.0;8
prof.bmp;-0.7489;0.1007;-0.74925;0.10035000000000005;1000;512;512;8.97342E-01;0.0;2.219E+02;4.39644E-04;0.0;2.72512E-04;0.0;8
python.bmp;-0.7489;0.1007;-0.74925;0.10035000000000005;1000;512;512;4.39344E+01;76406.6559142592;2.219E+02;3.09491E-03;0.0;5.09048E-03;0.0;8
c_tasks.bmp;-0.7489;0.1007;-0.74925;0.10035000000000005;1000;512;512;8.64198E-01;76406.6559142592;2.219E+02;4.28343E-03;0.0;6.19125E-03;0.0;8
c_schedule_static.bmp;-0.7489;0.1007;-0.74925;0.10035000000000005;1000;512;512;1.70482E-01;76406.6559142592;2.219E+02;1.42841E-02;0.0;2.61736E-02;0.0;8
c_schedule_dynamic.bmp;-0.7489;0.1007;-0.74925;0.10035000000000005;1000;512;512;1.63701E-01;76406.6559142592;2.219E+02;2.23231E-03;0.0;3.00646E-03;0.0;8
c_media_atomic.bmp;-0.7489;0.1007;-0.74925;0.10035000000000005;1000;512;512;1.19706E-01;76406.6559142592;2.219E+02;5.13291E-03;0.0;4.42910E-03;0.0;8
c_collapse.bmp;-0.7489;0.1007;-0.74925;0.10035000000000005;1000;512;512;1.30131E-01;76406.6559142592;2.219E+02;3.71327E-02;0.0;2.10619E-02;0.0;8
prof.bmp;-0.7489;0.1007;-0.74925;0.10035000000000005;1000;1024;1024;3.34397E+00;0.0;2.220E+02;2.30956E-03;0.0;9.66787E-04;0.0;8
python.bmp;-0.7489;0.1007;-0.74925;0.10035000000000005;1000;1024;1024;1.75730E+02;152849.8974288174;2.220E+02;5.32389E-03;0.0;4.91619E-03;0.0;8
c_tasks.bmp;-0.7489;0.1007;-0.74925;0.10035000000000005;1000;1024;1024;4.06716E+00;152849.8974288174;2.220E+02;9.77278E-04;0.0;1.11699E-03;0.0;8
c_schedule_static.bmp;-0.7489;0.1007;-0.74925;0.10035000000000005;1000;1024;1024;4.57562E-01;152849.8974288174;2.220E+02;6.37031E-03;0.0;7.21526E-03;0.0;8
c_schedule_dynamic.bmp;-0.7489;0.1007;-0.74925;0.10035000000000005;1000;1024;1024;3.60068E-01;152849.8974288174;2.220E+02;8.47816E-04;0.0;9.91344E-04;0.0;8
c_media_atomic.bmp;-0.7489;0.1007;-0.74925;0.10035000000000005;1000;1024;1024;3.63047E-01;152849.8974288174;2.220E+02;9.05037E-04;0.0;1.01113E-03;0.0;8
c_collapse.bmp;-0.7489;0.1007;-0.74925;0.10035000000000005;1000;1024;1024;3.74388E-01;152849.8974288174;2.220E+02;8.02517E-04;0.0;9.95874E-04;0.0;8
prof.bmp;-0.7489;0.1007;-0.74925;0.10035000000000005;1000;2048;2048;1.56479E+01;0.0;2.220E+02;6.20723E-03;0.0;7.85565E-03;0.0;8
python.bmp;-0.7489;0.1007;-0.74925;0.10035000000000005;1000;2048;2048;7.02925E+02;305806.3442899771;2.220E+02;8.57615E-03;0.0;9.33671E-03;0.0;8
c_tasks.bmp;-0.7489;0.1007;-0.74925;0.10035000000000005;1000;2048;2048;1.49865E+01;305806.3442899771;2.220E+02;7.26199E-03;0.0;7.83944E-03;0.0;8
c_schedule_static.bmp;-0.7489;0.1007;-0.74925;0.10035000000000005;1000;2048;2048;1.76576E+00;305806.3442899771;2.220E+02;1.19541E-02;0.0;9.77468E-03;0.0;8
c_schedule_dynamic.bmp;-0.7489;0.1007;-0.74925;0.10035000000000005;1000;2048;2048;1.33433E+00;305806.3442899771;2.220E+02;7.13825E-03;0.0;7.76887E-03;0.0;8
c_media_atomic.bmp;-0.7489;0.1007;-0.74925;0.10035000000000005;1000;2048;2048;1.33902E+00;305806.3442899771;2.220E+02;7.27057E-03;0.0;8.84151E-03;0.0;8
c_collapse.bmp;-0.7489;0.1007;-0.74925;0.10035000000000005;1000;2048;2048;1.41163E+00;305806.3442899771;2.220E+02;7.28321E-03;0.0;7.81989E-03;0.0;8
prof.bmp;-0.7489;0.1007;-0.74925;0.10035000000000005;1000;4096;4096;5.51034E+01;0.0;2.220E+02;1.97365E-02;0.0;3.89090E-02;0.0;8
c_tasks.bmp;-0.7489;0.1007;-0.74925;0.10035000000000005;1000;4096;4096;5.96159E+01;611399.0007899915;2.220E+02;2.04701E-02;0.0;3.92113E-02;0.0;8
c_schedule_static.bmp;-0.7489;0.1007;-0.74925;0.10035000000000005;1000;4096;4096;7.03691E+00;611399.0007899915;2.220E+02;1.88534E-02;0.0;3.91712E-02;0.0;8
c_schedule_dynamic.bmp;-0.7489;0.1007;-0.74925;0.10035000000000005;1000;4096;4096;5.33114E+00;611399.0007899915;2.220E+02;1.90766E-02;0.0;3.86331E-02;0.0;8
c_media_atomic.bmp;-0.7489;0.1007;-0.74925;0.10035000000000005;1000;4096;4096;5.33590E+00;611399.0007899915;2.220E+02;1.80368E-02;0.0;3.51741E-02;0.0;8
c_collapse.bmp;-0.7489;0.1007;-0.74925;0.10035000000000005;1000;4096;4096;5.63554E+00;611399.0007899915;2.220E+02;1.82180E-02;0.0;3.49598E-02;0.0;8
prof.bmp;-0.7489;0.1007;-0.74925;0.10035000000000005;1000;8192;8192;2.32618E+02;0.0;2.219E+02;6.38285E-02;0.0;1.43397E-01;0.0;8
c_tasks.bmp;-0.7489;0.1007;-0.74925;0.10035000000000005;1000;8192;8192;2.38848E+02;1222560.21967836;2.219E+02;6.32250E-02;0.0;1.34116E-01;0.0;8
c_schedule_static.bmp;-0.7489;0.1007;-0.74925;0.10035000000000005;1000;8192;8192;2.81281E+01;1222560.21967836;2.219E+02;9.62460E-02;0.0;2.19986E-01;0.0;8
c_schedule_dynamic.bmp;-0.7489;0.1007;-0.74925;0.10035000000000005;1000;8192;8192;2.17132E+01;1222560.21967836;2.219E+02;7.15115E-02;0.0;1.57024E-01;0.0;8
c_media_atomic.bmp;-0.7489;0.1007;-0.74925;0.10035000000000005;1000;8192;8192;2.17894E+01;1222560.21967836;2.219E+02;7.22313E-02;0.0;1.42298E-01;0.0;8
c_collapse.bmp;-0.7489;0.1007;-0.74925;0.10035000000000005;1000;8192;8192;2.26102E+01;1222560.21967836;2.219E+02;7.14085E-02;0.0;1.41343E-01;0.0;8
out_file;xmin;ymin;xmax;ymax;maxiter;xres;yres;run_time;err;mean;mean_time;mean_err;bin_time;bin_err;n_threads
prof.bmp;-0.7489;0.1007;-0.74925;0.10035000000000005;1000;256;256;1.84421E-01;0.0;2.217E+02;3.48568E-04;0.0;4.65155E-04;0.0;1
python.bmp;-0.7489;0.1007;-0.74925;0.10035000000000005;1000;256;256;1.12875E+01;38160.391441912645;2.217E+02;4.35829E-04;0.0;4.71115E-04;0.0;1
c_tasks.bmp;-0.7489;0.1007;-0.74925;0.10035000000000005;1000;256;256;1.68999E-01;38160.391441912645;2.217E+02;3.44038E-04;0.0;5.03063E-04;0.0;1
c_schedule_static.bmp;-0.7489;0.1007;-0.74925;0.10035000000000005;1000;256;256;1.65385E-01;38160.391441912645;2.217E+02;3.45945E-04;0.0;5.03540E-04;0.0;1
c_schedule_dynamic.bmp;-0.7489;0.1007;-0.74925;0.10035000000000005;1000;256;256;1.65691E-01;38160.391441912645;2.217E+02;4.13895E-04;0.0;4.65393E-04;0.0;1
c_media_atomic.bmp;-0.7489;0.1007;-0.74925;0.10035000000000005;1000;256;256;1.65197E-01;38160.391441912645;2.217E+02;3.46422E-04;0.0;4.86135E-04;0.0;1
c_collapse.bmp;-0.7489;0.1007;-0.74925;0.10035000000000005;1000;256;256;1.68707E-01;38160.391441912645;2.217E+02;3.47614E-04;0.0;5.04255E-04;0.0;1
prof.bmp;-0.7489;0.1007;-0.74925;0.10035000000000005;1000;512;512;6.50330E-01;0.0;2.219E+02;1.19090E-03;0.0;1.66845E-03;0.0;1
python.bmp;-0.7489;0.1007;-0.74925;0.10035000000000005;1000;512;512;4.51592E+01;76406.6559142592;2.219E+02;1.28055E-03;0.0;1.83153E-03;0.0;1
c_tasks.bmp;-0.7489;0.1007;-0.74925;0.10035000000000005;1000;512;512;6.78620E-01;76406.6559142592;2.219E+02;1.19710E-03;0.0;1.66965E-03;0.0;1
c_schedule_static.bmp;-0.7489;0.1007;-0.74925;0.10035000000000005;1000;512;512;6.61136E-01;76406.6559142592;2.219E+02;1.19615E-03;0.0;1.66917E-03;0.0;1
c_schedule_dynamic.bmp;-0.7489;0.1007;-0.74925;0.10035000000000005;1000;512;512;6.61032E-01;76406.6559142592;2.219E+02;1.19615E-03;0.0;1.66583E-03;0.0;1
c_media_atomic.bmp;-0.7489;0.1007;-0.74925;0.10035000000000005;1000;512;512;6.61011E-01;76406.6559142592;2.219E+02;1.17874E-03;0.0;1.66965E-03;0.0;1
c_collapse.bmp;-0.7489;0.1007;-0.74925;0.10035000000000005;1000;512;512;6.76449E-01;76406.6559142592;2.219E+02;1.25599E-03;0.0;1.66678E-03;0.0;1
prof.bmp;-0.7489;0.1007;-0.74925;0.10035000000000005;1000;1024;1024;2.59703E+00;0.0;2.220E+02;4.80413E-03;0.0;6.15692E-03;0.0;1
python.bmp;-0.7489;0.1007;-0.74925;0.10035000000000005;1000;1024;1024;1.81054E+02;152849.8974288174;2.220E+02;4.93193E-03;0.0;6.20008E-03;0.0;1
c_tasks.bmp;-0.7489;0.1007;-0.74925;0.10035000000000005;1000;1024;1024;2.70886E+00;152849.8974288174;2.220E+02;4.66895E-03;0.0;6.17981E-03;0.0;1
c_schedule_static.bmp;-0.7489;0.1007;-0.74925;0.10035000000000005;1000;1024;1024;2.64584E+00;152849.8974288174;2.220E+02;4.82368E-03;0.0;6.38175E-03;0.0;1
c_schedule_dynamic.bmp;-0.7489;0.1007;-0.74925;0.10035000000000005;1000;1024;1024;2.64515E+00;152849.8974288174;2.220E+02;4.82559E-03;0.0;6.18649E-03;0.0;1
c_media_atomic.bmp;-0.7489;0.1007;-0.74925;0.10035000000000005;1000;1024;1024;2.64493E+00;152849.8974288174;2.220E+02;4.83966E-03;0.0;6.18339E-03;0.0;1
c_collapse.bmp;-0.7489;0.1007;-0.74925;0.10035000000000005;1000;1024;1024;2.70317E+00;152849.8974288174;2.220E+02;4.83871E-03;0.0;6.18625E-03;0.0;1
prof.bmp;-0.7489;0.1007;-0.74925;0.10035000000000005;1000;2048;2048;1.03898E+01;0.0;2.220E+02;1.85306E-02;0.0;2.40672E-02;0.0;1
python.bmp;-0.7489;0.1007;-0.74925;0.10035000000000005;1000;2048;2048;7.22682E+02;305806.3442899771;2.220E+02;1.98834E-02;0.0;2.43587E-02;0.0;1
c_tasks.bmp;-0.7489;0.1007;-0.74925;0.10035000000000005;1000;2048;2048;1.10383E+01;305806.3442899771;2.220E+02;1.96126E-02;0.0;2.43280E-02;0.0;1
c_schedule_static.bmp;-0.7489;0.1007;-0.74925;0.10035000000000005;1000;2048;2048;1.06516E+01;305806.3442899771;2.220E+02;1.85747E-02;0.0;2.41458E-02;0.0;1
c_schedule_dynamic.bmp;-0.7489;0.1007;-0.74925;0.10035000000000005;1000;2048;2048;1.05947E+01;305806.3442899771;2.220E+02;2.77159E-02;0.0;3.21736E-02;0.0;1
c_media_atomic.bmp;-0.7489;0.1007;-0.74925;0.10035000000000005;1000;2048;2048;1.05982E+01;305806.3442899771;2.220E+02;1.86880E-02;0.0;2.41387E-02;0.0;1
c_collapse.bmp;-0.7489;0.1007;-0.74925;0.10035000000000005;1000;2048;2048;1.10302E+01;305806.3442899771;2.220E+02;1.86305E-02;0.0;2.41404E-02;0.0;1
prof.bmp;-0.7489;0.1007;-0.74925;0.10035000000000005;1000;4096;4096;4.15519E+01;0.0;2.220E+02;7.62289E-02;0.0;9.20205E-02;0.0;1
c_tasks.bmp;-0.7489;0.1007;-0.74925;0.10035000000000005;1000;4096;4096;4.41669E+01;611399.0007899915;2.220E+02;7.42555E-02;0.0;9.24203E-02;0.0;1
c_schedule_static.bmp;-0.7489;0.1007;-0.74925;0.10035000000000005;1000;4096;4096;4.23802E+01;611399.0007899915;2.220E+02;9.51147E-02;0.0;9.40449E-02;0.0;1
c_schedule_dynamic.bmp;-0.7489;0.1007;-0.74925;0.10035000000000005;1000;4096;4096;4.23930E+01;611399.0007899915;2.220E+02;8.07517E-02;0.0;9.23717E-02;0.0;1
c_media_atomic.bmp;-0.7489;0.1007;-0.74925;0.10035000000000005;1000;4096;4096;4.23749E+01;611399.0007899915;2.220E+02;9.31304E-02;0.0;9.48219E-02;0.0;1
c_collapse.bmp;-0.7489;0.1007;-0.74925;0.10035000000000005;1000;4096;4096;4.41396E+01;611399.0007899915;2.220E+02;7.55816E-02;0.0;9.23727E-02;0.0;1
prof.bmp;-0.7489;0.1007;-0.74925;0.10035000000000005;1000;8192;8192;1.66236E+02;0.0;2.219E+02;3.12263E-01;0.0;3.55520E-01;0.0;1
c_tasks.bmp;-0.7489;0.1007;-0.74925;0.10035000000000005;1000;8192;8192;1.76622E+02;1222560.21967836;2.219E+02;3.24730E-01;0.0;3.67748E-01;0.0;1
c_schedule_static.bmp;-0.7489;0.1007;-0.74925;0.10035000000000005;1000;8192;8192;1.70703E+02;1222560.21967836;2.219E+02;3.12313E-01;0.0;3.56941E-01;0.0;1
c_schedule_dynamic.bmp;-0.7489;0.1007;-0.74925;0.10035000000000005;1000;8192;8192;1.71275E+02;1222560.21967836;2.219E+02;3.12393E-01;0.0;3.57005E-01;0.0;1
c_media_atomic.bmp;-0.7489;0.1007;-0.74925;0.10035000000000005;1000;8192;8192;1.69545E+02;1222560.21967836;2.219E+02;3.17330E-01;0.0;3.56821E-01;0.0;1
c_collapse.bmp;-0.7489;0.1007;-0.74925;0.10035000000000005;1000;8192;8192;1.76477E+02;1222560.21967836;2.219E+02;3.15570E-01;0.0;3.56906E-01;0.0;1
