out_file;xmin;ymin;xmax;ymax;maxiter;xres;yres;run_time;err;mean;mean_time;mean_err;bin_time;bin_err;n_threads
prof.bmp;-0.7489;0.1007;-0.74925;0.10035000000000005;1000;256;256;2.39830E-01;0.0;2.217E+02;2.59876E-04;0.0;1.12534E-04;0.0;8
c_tasks.bmp;-0.7489;0.1007;-0.74925;0.10035000000000005;1000;256;256;2.34110E-01;38160.391441912645;2.217E+02;1.28031E-04;0.0;1.03712E-04;0.0;8
c_schedule_static.bmp;-0.7489;0.1007;-0.74925;0.10035000000000005;1000;256;256;3.33407E-02;38160.391441912645;2.217E+02;1.78528E-03;0.0;3.21555E-03;0.0;8
c_schedule_dynamic.bmp;-0.7489;0.1007;-0.74925;0.10035000000000005;1000;256;256;2.91412E-02;38160.391441912645;2.217E+02;5.08404E-03;0.0;6.79183E-03;0.0;8
c_media_atomic.bmp;-0.7489;0.1007;-0.74925;0.10035000000000005;1000;256;256;4.01022E-02;38160.391441912645;2.217E+02;1.32658E-02;0.0;6.77419E-03;0.0;8
c_collapse.bmp;-0.7489;0.1007;-0.74925;0.10035000000000005;1000;256;256;4.59588E-02;38160.391441912645;2.217E+02;1.32689E-02;0.0;5.14150E-03;0.0;8
prof.bmp;-0.7489;0.1007;-0.74925;0.10035000000000005;1000;512;512;9.31260E-01;0.0;2.219E+02;1.10102E-03;0.0;2.88248E-04;0.0;8
c_tasks.bmp;-0.7489;0.1007;-0.74925;0.10035000000000005;1000;512;512;8.74032E-01;76406.6559142592;2.219E+02;2.93875E-03;0.0;3.92413E-03;0.0;8
c_schedule_static.bmp;-0.7489;0.1007;-0.74925;0.10035000000000005;1000;512;512;1.55748E-01;76406.6559142592;2.219E+02;7.11560E-03;0.0;7.50446E-03;0.0;8
c_schedule_dynamic.bmp;-0.7489;0.1007;-0.74925;0.10035000000000005;1000;512;512;1.24058E-01;76406.6559142592;2.219E+02;9.80806E-03;0.0;1.06945E-02;0.0;8
c_media_atomic.bmp;-0.7489;0.1007;-0.74925;0.10035000000000005;1000;512;512;1.32730E-01;76406.6559142592;2.219E+02;5.92017E-03;0.0;3.94344E-03;0.0;8
c_collapse.bmp;-0.7489;0.1007;-0.74925;0.10035000000000005;1000;512;512;1.46220E-01;76406.6559142592;2.219E+02;7.02834E-03;0.0;3.87526E-03;0.0;8
prof.bmp;-0.7489;0.1007;-0.74925;0.10035000000000005;1000;1024;1024;3.85744E+00;0.0;2.220E+02;1.99103E-03;0.0;1.62864E-03;0.0;8
c_tasks.bmp;-0.7489;0.1007;-0.74925;0.10035000000000005;1000;1024;1024;3.66826E+00;152849.8974288174;2.220E+02;2.98691E-03;0.0;5.18084E-03;0.0;8
c_schedule_static.bmp;-0.7489;0.1007;-0.74925;0.10035000000000005;1000;1024;1024;4.52593E-01;152849.8974288174;2.220E+02;7.35283E-04;0.0;1.22976E-03;0.0;8
c_schedule_dynamic.bmp;-0.7489;0.1007;-0.74925;0.10035000000000005;1000;1024;1024;3.51422E-01;152849.8974288174;2.220E+02;2.97189E-03;0.0;5.35297E-03;0.0;8
c_media_atomic.bmp;-0.7489;0.1007;-0.74925;0.10035000000000005;1000;1024;1024;3.62069E-01;152849.8974288174;2.220E+02;6.22129E-03;0.0;5.94115E-03;0.0;8
c_collapse.bmp;-0.7489;0.1007;-0.74925;0.10035000000000005;1000;1024;1024;4.07866E-01;152849.8974288174;2.220E+02;8.57592E-04;0.0;1.18089E-03;0.0;8
prof.bmp;-0.7489;0.1007;-0.74925;0.10035000000000005;1000;2048;2048;1.49705E+01;0.0;2.220E+02;7.97892E-03;0.0;8.24738E-03;0.0;8
c_tasks.bmp;-0.7489;0.1007;-0.74925;0.10035000000000005;1000;2048;2048;1.44047E+01;305806.3442899771;2.220E+02;1.05093E-02;0.0;8.72350E-03;0.0;8
c_schedule_static.bmp;-0.7489;0.1007;-0.74925;0.10035000000000005;1000;2048;2048;1.70380E+00;305806.3442899771;2.220E+02;1.18458E-02;0.0;9.49287E-03;0.0;8
c_schedule_dynamic.bmp;-0.7489;0.1007;-0.74925;0.10035000000000005;1000;2048;2048;1.28792E+00;305806.3442899771;2.220E+02;6.75178E-03;0.0;7.60317E-03;0.0;8
c_media_atomic.bmp;-0.7489;0.1007;-0.74925;0.10035000000000005;1000;2048;2048;1.29554E+00;305806.3442899771;2.220E+02;6.77466E-03;0.0;7.83777E-03;0.0;8
c_collapse.bmp;-0.7489;0.1007;-0.74925;0.10035000000000005;1000;2048;2048;1.51660E+00;305806.3442899771;2.220E+02;6.83689E-03;0.0;7.77149E-03;0.0;8
prof.bmp;-0.7489;0.1007;-0.74925;0.10035000000000005;1000;4096;4096;5.80318E+01;0.0;2.220E+02;1.60081E-02;0.0;3.14362E-02;0.0;8
c_tasks.bmp;-0.7489;0.1007;-0.74925;0.10035000000000005;1000;4096;4096;5.74317E+01;611399.0007899915;2.220E+02;2.03652E-02;0.0;4.18179E-02;0.0;8
c_schedule_static.bmp;-0.7489;0.1007;-0.74925;0.10035000000000005;1000;4096;4096;6.78541E+00;611399.0007899915;2.220E+02;2.47726E-02;0.0;3.40044E-02;0.0;8
c_schedule_dynamic.bmp;-0.7489;0.1007;-0.74925;0.10035000000000005;1000;4096;4096;5.17289E+00;611399.0007899915;2.220E+02;1.74072E-02;0.0;3.59185E-02;0.0;8
c_media_atomic.bmp;-0.7489;0.1007;-0.74925;0.10035000000000005;1000;4096;4096;5.16460E+00;611399.0007899915;2.220E+02;1.51551E-02;0.0;3.06115E-02;0.0;8
c_collapse.bmp;-0.7489;0.1007;-0.74925;0.10035000000000005;1000;4096;4096;6.02473E+00;611399.0007899915;2.220E+02;1.50430E-02;0.0;3.04189E-02;0.0;8
prof.bmp;-0.7489;0.1007;-0.74925;0.10035000000000005;1000;8192;8192;2.29858E+02;0.0;2.219E+02;7.75547E-02;0.0;1.36312E-01;0.0;8
c_tasks.bmp;-0.7489;0.1007;-0.74925;0.10035000000000005;1000;8192;8192;2.29852E+02;1222560.21967836;2.219E+02;6.48572E-02;0.0;1.32946E-01;0.0;8
c_schedule_static.bmp;-0.7489;0.1007;-0.74925;0.10035000000000005;1000;8192;8192;2.75762E+01;1222560.21967836;2.219E+02;6.16112E-02;0.0;1.32621E-01;0.0;8
c_schedule_dynamic.bmp;-0.7489;0.1007;-0.74925;0.10035000000000005;1000;8192;8192;2.07207E+01;1222560.21967836;2.219E+02;6.73125E-02;0.0;1.32531E-01;0.0;8
c_media_atomic.bmp;-0.7489;0.1007;-0.74925;0.10035000000000005;1000;8192;8192;2.07689E+01;1222560.21967836;2.219E+02;8.89904E-02;0.0;1.28111E-01;0.0;8
c_collapse.bmp;-0.7489;0.1007;-0.74925;0.10035000000000005;1000;8192;8192;2.44030E+01;1222560.21967836;2.219E+02;8.48114E-02;0.0;1.29449E-01;0.0;8
out_file;xmin;ymin;xmax;ymax;maxiter;xres;yres;run_time;err;mean;mean_time;mean_err;bin_time;bin_err;n_threads
prof.bmp;-0.7489;0.1007;-0.74925;0.10035000000000005;1000;256;256;1.82635E-01;0.0;2.217E+02;3.60250E-04;0.0;4.62770E-04;0.0;1
python.bmp;-0.7489;0.1007;-0.74925;0.10035000000000005;1000;256;256;1.13972E+01;38160.391441912645;2.217E+02;6.41108E-04;0.0;5.25951E-04;0.0;1
c_tasks.bmp;-0.7489;0.1007;-0.74925;0.10035000000000005;1000;256;256;1.69370E-01;38160.391441912645;2.217E+02;3.72648E-04;0.0;5.14984E-04;0.0;1
prof.bmp;-0.7489;0.1007;-0.74925;0.10035000000000005;1000;512;512;6.66113E-01;0.0;2.219E+02;1.36495E-03;0.0;1.66631E-03;0.0;1
python.bmp;-0.7489;0.1007;-0.74925;0.10035000000000005;1000;512;512;4.53074E+01;76406.6559142592;2.219E+02;1.85776E-03;0.0;3.01385E-03;0.0;1
c_tasks.bmp;-0.7489;0.1007;-0.74925;0.10035000000000005;1000;512;512;7.05936E-01;76406.6559142592;2.219E+02;1.18470E-03;0.0;1.87755E-03;0.0;1
prof.bmp;-0.7489;0.1007;-0.74925;0.10035000000000005;1000;1024;1024;2.59741E+00;0.0;2.220E+02;4.64630E-03;0.0;6.15120E-03;0.0;1
python.bmp;-0.7489;0.1007;-0.74925;0.10035000000000005;1000;1024;1024;1.81857E+02;152849.8974288174;2.220E+02;4.85611E-03;0.0;7.04861E-03;0.0;1
c_tasks.bmp;-0.7489;0.1007;-0.74925;0.10035000000000005;1000;1024;1024;2.70909E+00;152849.8974288174;2.220E+02;4.80103E-03;0.0;7.20239E-03;0.0;1
prof.bmp;-0.7489;0.1007;-0.74925;0.10035000000000005;1000;2048;2048;1.03874E+01;0.0;2.220E+02;1.86393E-02;0.0;2.40221E-02;0.0;1
python.bmp;-0.7489;0.1007;-0.74925;0.10035000000000005;1000;2048;2048;7.27036E+02;305806.3442899771;2.220E+02;1.88491E-02;0.0;2.75834E-02;0.0;1
c_tasks.bmp;-0.7489;0.1007;-0.74925;0.10035000000000005;1000;2048;2048;1.10620E+01;305806.3442899771;2.220E+02;1.99342E-02;0.0;2.81324E-02;0.0;1
prof.bmp;-0.7489;0.1007;-0.74925;0.10035000000000005;1000;4096;4096;4.15474E+01;0.0;2.220E+02;7.43990E-02;0.0;9.17394E-02;0.0;1
c_tasks.bmp;-0.7489;0.1007;-0.74925;0.10035000000000005;1000;4096;4096;4.41440E+01;611399.0007899915;2.220E+02;9.15749E-02;0.0;1.07813E-01;0.0;1
prof.bmp;-0.7489;0.1007;-0.74925;0.10035000000000005;1000;8192;8192;1.66205E+02;0.0;2.219E+02;2.99567E-01;0.0;3.54980E-01;0.0;1
c_tasks.bmp;-0.7489;0.1007;-0.74925;0.10035000000000005;1000;8192;8192;1.76629E+02;1222560.21967836;2.219E+02;3.11182E-01;0.0;4.13654E-01;0.0;1
